0, 128, 2, 131, 4, 5, 3, 1, 130, 9, 10, 11, 6, 13, 14, 15, 136, 12, 18, 20, 22, 29, 133, 31, 32, 37, 38, 40, 135, 44, 46, 47, 50, 137, 52, 53, 55, 57, 58, 63, 64, 67, 71, 74, 78, 80, 83, 87, 88, 89, 91, 94, 99, 100, 105, 106, 109, 115, 118, 123, 124#129, 138, 139, 19, 23, 26, 28, 30, 34, 36, 39, 41, 42, 45, 48, 49, 60, 62, 65, 68, 70, 73, 81, 82, 92, 93, 96, 101, 103, 104, 111, 113, 116, 119, 120, 122, 125#{'mutation_labels': '[8]'}
33, 98, 35, 132, 69, 134, 7, 107, 76, 75, 51, 54, 56, 25, 59, 127#0, 128, 2, 131, 4, 5, 3, 1, 130, 9, 10, 11, 6, 13, 14, 15, 136, 12, 18, 20, 22, 29, 133, 31, 32, 37, 38, 40, 135, 44, 46, 47, 50, 137, 52, 53, 55, 57, 58, 63, 64, 67, 71, 74, 78, 80, 83, 87, 88, 89, 91, 94, 99, 100, 105, 106, 109, 115, 118, 123, 124#{'mutation_labels': '[6]'}
97, 102, 72, 43, 108, 16, 114, 85, 117, 86, 24, 27, 61, 95#0, 128, 2, 131, 4, 5, 3, 1, 130, 9, 10, 11, 6, 13, 14, 15, 136, 12, 18, 20, 22, 29, 133, 31, 32, 37, 38, 40, 135, 44, 46, 47, 50, 137, 52, 53, 55, 57, 58, 63, 64, 67, 71, 74, 78, 80, 83, 87, 88, 89, 91, 94, 99, 100, 105, 106, 109, 115, 118, 123, 124#{'mutation_labels': '[0]'}
90#110#{'mutation_labels': '[0, 4, 9]'}
144, 142, 143#77#{'mutation_labels': '[0, 1, 2, 4, 6, 7, 9]'}
144, 142, 143#90#{'mutation_labels': '[0, 1, 2, 4, 6, 7, 9]'}
144, 142, 143#112#{'mutation_labels': '[1, 2, 4, 7]'}
144, 142, 143#17#{'mutation_labels': '[0, 1, 2, 4, 6, 7, 9]'}
145, 140, 141#144, 142, 143#{'mutation_labels': '[3]'}
112#66, 79#{'mutation_labels': '[7]'}
110#97, 102, 72, 43, 108, 16, 114, 85, 117, 86, 24, 27, 61, 95#{'mutation_labels': '[6]'}
110#33, 98, 35, 132, 69, 134, 7, 107, 76, 75, 51, 54, 56, 25, 59, 127#{'mutation_labels': '[0]'}
8, 84, 21#33, 98, 35, 132, 69, 134, 7, 107, 76, 75, 51, 54, 56, 25, 59, 127#{'mutation_labels': '[9]'}
66, 79#110#{'mutation_labels': '[0, 6, 9]'}
66, 79#8, 84, 21#{'mutation_labels': '[0, 6, 9]'}
66, 79#126#{'mutation_labels': '[0, 6, 9]'}
17#126#{'mutation_labels': '[0, 2, 4, 6, 9]'}
17#121#{'mutation_labels': '[0, 2, 4, 6, 9]'}
121#97, 102, 72, 43, 108, 16, 114, 85, 117, 86, 24, 27, 61, 95#{'mutation_labels': '[0, 4, 6, 9]'}
126#97, 102, 72, 43, 108, 16, 114, 85, 117, 86, 24, 27, 61, 95#{'mutation_labels': '[0, 6, 9]'}
77#97, 102, 72, 43, 108, 16, 114, 85, 117, 86, 24, 27, 61, 95#{'mutation_labels': '[0, 1, 2, 6, 9]'}
