k value: 1
n (number of samples): 15
m (number of mutations): 4
EssILP calls: 182
Runtime: 25.592456817626953 seconds
Number of Nodes: 15
Essential Relation: [(0, 0), (0, 1), (0, 2), (0, 3), (0, 4), (0, 5), (0, 6), (0, 7), (0, 8), (0, 9), (0, 10), (0, 11), (0, 12), (0, 13), (0, 14), (1, 1), (1, 0), (1, 2), (1, 3), (1, 4), (1, 5), (1, 6), (1, 7), (1, 8), (1, 9), (1, 10), (1, 11), (1, 12), (1, 13), (1, 14), (2, 2), (2, 3), (2, 4), (2, 7), (2, 8), (2, 9), (2, 10), (2, 11), (2, 12), (2, 13), (2, 14), (3, 3), (3, 4), (3, 7), (3, 8), (3, 9), (3, 10), (3, 14), (4, 4), (4, 7), (4, 9), (4, 10), (4, 14), (5, 5), (5, 2), (5, 3), (5, 4), (5, 7), (5, 8), (5, 9), (5, 10), (5, 11), (5, 12), (5, 13), (5, 14), (5, 6), (6, 6), (6, 2), (6, 3), (6, 4), (6, 7), (6, 8), (6, 9), (6, 10), (6, 11), (6, 12), (6, 13), (6, 14), (6, 5), (7, 7), (7, 4), (7, 9), (7, 10), (7, 14), (8, 8), (8, 3), (8, 4), (8, 7), (8, 9), (8, 10), (8, 14), (9, 9), (9, 4), (9, 7), (9, 10), (9, 14), (10, 10), (10, 4), (10, 7), (10, 9), (10, 14), (11, 11), (11, 2), (11, 3), (11, 4), (11, 7), (11, 8), (11, 9), (11, 10), (11, 12), (11, 13), (11, 14), (12, 12), (12, 2), (12, 3), (12, 4), (12, 7), (12, 8), (12, 9), (12, 10), (12, 11), (12, 13), (12, 14), (13, 13), (13, 2), (13, 3), (13, 4), (13, 7), (13, 8), (13, 9), (13, 10), (13, 11), (13, 12), (13, 14), (14, 14), (14, 4), (14, 7), (14, 9), (14, 10)]

k value: 1
n (number of samples): 15
m (number of mutations): 4
EssILP calls: 182
Runtime: 24.801618814468384 seconds
Number of Nodes: 15
Essential Relation: [(0, 0), (0, 1), (0, 2), (0, 3), (0, 4), (0, 5), (0, 6), (0, 7), (0, 8), (0, 9), (0, 10), (0, 11), (0, 12), (0, 13), (0, 14), (1, 1), (1, 0), (1, 2), (1, 3), (1, 4), (1, 5), (1, 6), (1, 7), (1, 8), (1, 9), (1, 10), (1, 11), (1, 12), (1, 13), (1, 14), (2, 2), (2, 3), (2, 4), (2, 7), (2, 8), (2, 9), (2, 10), (2, 11), (2, 12), (2, 13), (2, 14), (3, 3), (3, 4), (3, 7), (3, 8), (3, 9), (3, 10), (3, 14), (4, 4), (4, 7), (4, 9), (4, 10), (4, 14), (5, 5), (5, 2), (5, 3), (5, 4), (5, 7), (5, 8), (5, 9), (5, 10), (5, 11), (5, 12), (5, 13), (5, 14), (5, 6), (6, 6), (6, 2), (6, 3), (6, 4), (6, 7), (6, 8), (6, 9), (6, 10), (6, 11), (6, 12), (6, 13), (6, 14), (6, 5), (7, 7), (7, 4), (7, 9), (7, 10), (7, 14), (8, 8), (8, 3), (8, 4), (8, 7), (8, 9), (8, 10), (8, 14), (9, 9), (9, 4), (9, 7), (9, 10), (9, 14), (10, 10), (10, 4), (10, 7), (10, 9), (10, 14), (11, 11), (11, 2), (11, 3), (11, 4), (11, 7), (11, 8), (11, 9), (11, 10), (11, 12), (11, 13), (11, 14), (12, 12), (12, 2), (12, 3), (12, 4), (12, 7), (12, 8), (12, 9), (12, 10), (12, 11), (12, 13), (12, 14), (13, 13), (13, 2), (13, 3), (13, 4), (13, 7), (13, 8), (13, 9), (13, 10), (13, 11), (13, 12), (13, 14), (14, 14), (14, 4), (14, 7), (14, 9), (14, 10)]

k value: 1
n (number of samples): 15
m (number of mutations): 4
EssILP calls: 182
Runtime: 45.54193043708801 seconds
Number of Nodes: 15
Essential Relation: [(0, 0), (0, 1), (0, 2), (0, 3), (0, 4), (0, 5), (0, 6), (0, 7), (0, 8), (0, 9), (0, 10), (0, 11), (0, 12), (0, 13), (0, 14), (1, 1), (1, 0), (1, 2), (1, 3), (1, 4), (1, 5), (1, 6), (1, 7), (1, 8), (1, 9), (1, 10), (1, 11), (1, 12), (1, 13), (1, 14), (2, 2), (2, 3), (2, 4), (2, 7), (2, 8), (2, 9), (2, 10), (2, 11), (2, 12), (2, 13), (2, 14), (3, 3), (3, 4), (3, 7), (3, 8), (3, 9), (3, 10), (3, 14), (4, 4), (4, 7), (4, 9), (4, 10), (4, 14), (5, 5), (5, 2), (5, 3), (5, 4), (5, 7), (5, 8), (5, 9), (5, 10), (5, 11), (5, 12), (5, 13), (5, 14), (5, 6), (6, 6), (6, 2), (6, 3), (6, 4), (6, 7), (6, 8), (6, 9), (6, 10), (6, 11), (6, 12), (6, 13), (6, 14), (6, 5), (7, 7), (7, 4), (7, 9), (7, 10), (7, 14), (8, 8), (8, 3), (8, 4), (8, 7), (8, 9), (8, 10), (8, 14), (9, 9), (9, 4), (9, 7), (9, 10), (9, 14), (10, 10), (10, 4), (10, 7), (10, 9), (10, 14), (11, 11), (11, 2), (11, 3), (11, 4), (11, 7), (11, 8), (11, 9), (11, 10), (11, 12), (11, 13), (11, 14), (12, 12), (12, 2), (12, 3), (12, 4), (12, 7), (12, 8), (12, 9), (12, 10), (12, 11), (12, 13), (12, 14), (13, 13), (13, 2), (13, 3), (13, 4), (13, 7), (13, 8), (13, 9), (13, 10), (13, 11), (13, 12), (13, 14), (14, 14), (14, 4), (14, 7), (14, 9), (14, 10)]

k value: 1
n (number of samples): 15
m (number of mutations): 4
EssILP calls: 182
Runtime: 43.44844889640808 seconds
Number of Nodes: 15
Essential Relation: [(0, 0), (0, 1), (0, 2), (0, 3), (0, 4), (0, 5), (0, 6), (0, 7), (0, 8), (0, 9), (0, 10), (0, 11), (0, 12), (0, 13), (0, 14), (1, 1), (1, 0), (1, 2), (1, 3), (1, 4), (1, 5), (1, 6), (1, 7), (1, 8), (1, 9), (1, 10), (1, 11), (1, 12), (1, 13), (1, 14), (2, 2), (2, 3), (2, 4), (2, 7), (2, 8), (2, 9), (2, 10), (2, 11), (2, 12), (2, 13), (2, 14), (3, 3), (3, 4), (3, 7), (3, 8), (3, 9), (3, 10), (3, 14), (4, 4), (4, 7), (4, 9), (4, 10), (4, 14), (5, 5), (5, 2), (5, 3), (5, 4), (5, 7), (5, 8), (5, 9), (5, 10), (5, 11), (5, 12), (5, 13), (5, 14), (5, 6), (6, 6), (6, 2), (6, 3), (6, 4), (6, 7), (6, 8), (6, 9), (6, 10), (6, 11), (6, 12), (6, 13), (6, 14), (6, 5), (7, 7), (7, 4), (7, 9), (7, 10), (7, 14), (8, 8), (8, 3), (8, 4), (8, 7), (8, 9), (8, 10), (8, 14), (9, 9), (9, 4), (9, 7), (9, 10), (9, 14), (10, 10), (10, 4), (10, 7), (10, 9), (10, 14), (11, 11), (11, 2), (11, 3), (11, 4), (11, 7), (11, 8), (11, 9), (11, 10), (11, 12), (11, 13), (11, 14), (12, 12), (12, 2), (12, 3), (12, 4), (12, 7), (12, 8), (12, 9), (12, 10), (12, 11), (12, 13), (12, 14), (13, 13), (13, 2), (13, 3), (13, 4), (13, 7), (13, 8), (13, 9), (13, 10), (13, 11), (13, 12), (13, 14), (14, 14), (14, 4), (14, 7), (14, 9), (14, 10)]

k value: 1
n (number of samples): 15
m (number of mutations): 4
EssILP calls: 182
Runtime: 110.76118612289429 seconds
Number of Nodes: 15
Essential Relation: [(0, 0), (0, 1), (0, 2), (0, 3), (0, 4), (0, 5), (0, 6), (0, 7), (0, 8), (0, 9), (0, 10), (0, 11), (0, 12), (0, 13), (0, 14), (1, 1), (1, 0), (1, 2), (1, 3), (1, 4), (1, 5), (1, 6), (1, 7), (1, 8), (1, 9), (1, 10), (1, 11), (1, 12), (1, 13), (1, 14), (2, 2), (2, 3), (2, 4), (2, 7), (2, 8), (2, 9), (2, 10), (2, 11), (2, 12), (2, 13), (2, 14), (3, 3), (3, 4), (3, 7), (3, 8), (3, 9), (3, 10), (3, 14), (4, 4), (4, 7), (4, 9), (4, 10), (4, 14), (5, 5), (5, 2), (5, 3), (5, 4), (5, 7), (5, 8), (5, 9), (5, 10), (5, 11), (5, 12), (5, 13), (5, 14), (5, 6), (6, 6), (6, 2), (6, 3), (6, 4), (6, 7), (6, 8), (6, 9), (6, 10), (6, 11), (6, 12), (6, 13), (6, 14), (6, 5), (7, 7), (7, 4), (7, 9), (7, 10), (7, 14), (8, 8), (8, 3), (8, 4), (8, 7), (8, 9), (8, 10), (8, 14), (9, 9), (9, 4), (9, 7), (9, 10), (9, 14), (10, 10), (10, 4), (10, 7), (10, 9), (10, 14), (11, 11), (11, 2), (11, 3), (11, 4), (11, 7), (11, 8), (11, 9), (11, 10), (11, 12), (11, 13), (11, 14), (12, 12), (12, 2), (12, 3), (12, 4), (12, 7), (12, 8), (12, 9), (12, 10), (12, 11), (12, 13), (12, 14), (13, 13), (13, 2), (13, 3), (13, 4), (13, 7), (13, 8), (13, 9), (13, 10), (13, 11), (13, 12), (13, 14), (14, 14), (14, 4), (14, 7), (14, 9), (14, 10)]

k value: 1
n (number of samples): 15
m (number of mutations): 4
EssILP calls: 182
Runtime: 23.983517169952393 seconds
Number of Nodes: 15
Essential Relation: [(0, 0), (0, 1), (0, 2), (0, 3), (0, 4), (0, 5), (0, 6), (0, 7), (0, 8), (0, 9), (0, 10), (0, 11), (0, 12), (0, 13), (0, 14), (1, 1), (1, 0), (1, 2), (1, 3), (1, 4), (1, 5), (1, 6), (1, 7), (1, 8), (1, 9), (1, 10), (1, 11), (1, 12), (1, 13), (1, 14), (2, 2), (2, 3), (2, 4), (2, 7), (2, 8), (2, 9), (2, 10), (2, 11), (2, 12), (2, 13), (2, 14), (3, 3), (3, 4), (3, 7), (3, 8), (3, 9), (3, 10), (3, 14), (4, 4), (4, 7), (4, 9), (4, 10), (4, 14), (5, 5), (5, 2), (5, 3), (5, 4), (5, 7), (5, 8), (5, 9), (5, 10), (5, 11), (5, 12), (5, 13), (5, 14), (5, 6), (6, 6), (6, 2), (6, 3), (6, 4), (6, 7), (6, 8), (6, 9), (6, 10), (6, 11), (6, 12), (6, 13), (6, 14), (6, 5), (7, 7), (7, 4), (7, 9), (7, 10), (7, 14), (8, 8), (8, 3), (8, 4), (8, 7), (8, 9), (8, 10), (8, 14), (9, 9), (9, 4), (9, 7), (9, 10), (9, 14), (10, 10), (10, 4), (10, 7), (10, 9), (10, 14), (11, 11), (11, 2), (11, 3), (11, 4), (11, 7), (11, 8), (11, 9), (11, 10), (11, 12), (11, 13), (11, 14), (12, 12), (12, 2), (12, 3), (12, 4), (12, 7), (12, 8), (12, 9), (12, 10), (12, 11), (12, 13), (12, 14), (13, 13), (13, 2), (13, 3), (13, 4), (13, 7), (13, 8), (13, 9), (13, 10), (13, 11), (13, 12), (13, 14), (14, 14), (14, 4), (14, 7), (14, 9), (14, 10)]

k value: 1
n (number of samples): 15
m (number of mutations): 4
EssILP calls: 182
Runtime: 23.482006788253784 seconds
Number of Nodes: 15
Essential Relation: [(0, 0), (0, 1), (0, 2), (0, 3), (0, 4), (0, 5), (0, 6), (0, 7), (0, 8), (0, 9), (0, 10), (0, 11), (0, 12), (0, 13), (0, 14), (1, 1), (1, 0), (1, 2), (1, 3), (1, 4), (1, 5), (1, 6), (1, 7), (1, 8), (1, 9), (1, 10), (1, 11), (1, 12), (1, 13), (1, 14), (2, 2), (2, 3), (2, 4), (2, 7), (2, 8), (2, 9), (2, 10), (2, 11), (2, 12), (2, 13), (2, 14), (3, 3), (3, 4), (3, 7), (3, 8), (3, 9), (3, 10), (3, 14), (4, 4), (4, 7), (4, 9), (4, 10), (4, 14), (5, 5), (5, 2), (5, 3), (5, 4), (5, 7), (5, 8), (5, 9), (5, 10), (5, 11), (5, 12), (5, 13), (5, 14), (5, 6), (6, 6), (6, 2), (6, 3), (6, 4), (6, 7), (6, 8), (6, 9), (6, 10), (6, 11), (6, 12), (6, 13), (6, 14), (6, 5), (7, 7), (7, 4), (7, 9), (7, 10), (7, 14), (8, 8), (8, 3), (8, 4), (8, 7), (8, 9), (8, 10), (8, 14), (9, 9), (9, 4), (9, 7), (9, 10), (9, 14), (10, 10), (10, 4), (10, 7), (10, 9), (10, 14), (11, 11), (11, 2), (11, 3), (11, 4), (11, 7), (11, 8), (11, 9), (11, 10), (11, 12), (11, 13), (11, 14), (12, 12), (12, 2), (12, 3), (12, 4), (12, 7), (12, 8), (12, 9), (12, 10), (12, 11), (12, 13), (12, 14), (13, 13), (13, 2), (13, 3), (13, 4), (13, 7), (13, 8), (13, 9), (13, 10), (13, 11), (13, 12), (13, 14), (14, 14), (14, 4), (14, 7), (14, 9), (14, 10)]

k value: 1
n (number of samples): 15
m (number of mutations): 4
EssILP calls: 182
Runtime: 24.99498701095581 seconds
Number of Nodes: 15
Essential Relation: [(0, 0), (0, 1), (0, 2), (0, 3), (0, 4), (0, 5), (0, 6), (0, 7), (0, 8), (0, 9), (0, 10), (0, 11), (0, 12), (0, 13), (0, 14), (1, 1), (1, 0), (1, 2), (1, 3), (1, 4), (1, 5), (1, 6), (1, 7), (1, 8), (1, 9), (1, 10), (1, 11), (1, 12), (1, 13), (1, 14), (2, 2), (2, 3), (2, 4), (2, 7), (2, 8), (2, 9), (2, 10), (2, 11), (2, 12), (2, 13), (2, 14), (3, 3), (3, 4), (3, 7), (3, 8), (3, 9), (3, 10), (3, 14), (4, 4), (4, 7), (4, 9), (4, 10), (4, 14), (5, 5), (5, 2), (5, 3), (5, 4), (5, 7), (5, 8), (5, 9), (5, 10), (5, 11), (5, 12), (5, 13), (5, 14), (5, 6), (6, 6), (6, 2), (6, 3), (6, 4), (6, 7), (6, 8), (6, 9), (6, 10), (6, 11), (6, 12), (6, 13), (6, 14), (6, 5), (7, 7), (7, 4), (7, 9), (7, 10), (7, 14), (8, 8), (8, 3), (8, 4), (8, 7), (8, 9), (8, 10), (8, 14), (9, 9), (9, 4), (9, 7), (9, 10), (9, 14), (10, 10), (10, 4), (10, 7), (10, 9), (10, 14), (11, 11), (11, 2), (11, 3), (11, 4), (11, 7), (11, 8), (11, 9), (11, 10), (11, 12), (11, 13), (11, 14), (12, 12), (12, 2), (12, 3), (12, 4), (12, 7), (12, 8), (12, 9), (12, 10), (12, 11), (12, 13), (12, 14), (13, 13), (13, 2), (13, 3), (13, 4), (13, 7), (13, 8), (13, 9), (13, 10), (13, 11), (13, 12), (13, 14), (14, 14), (14, 4), (14, 7), (14, 9), (14, 10)]

k value: 1
n (number of samples): 15
m (number of mutations): 4
EssILP calls: 182
Runtime: 24.97533655166626 seconds
Number of Nodes: 15
Essential Relation: [(0, 0), (0, 1), (0, 2), (0, 3), (0, 4), (0, 5), (0, 6), (0, 7), (0, 8), (0, 9), (0, 10), (0, 11), (0, 12), (0, 13), (0, 14), (1, 1), (1, 0), (1, 2), (1, 3), (1, 4), (1, 5), (1, 6), (1, 7), (1, 8), (1, 9), (1, 10), (1, 11), (1, 12), (1, 13), (1, 14), (2, 2), (2, 3), (2, 4), (2, 7), (2, 8), (2, 9), (2, 10), (2, 11), (2, 12), (2, 13), (2, 14), (3, 3), (3, 4), (3, 7), (3, 8), (3, 9), (3, 10), (3, 14), (4, 4), (4, 7), (4, 9), (4, 10), (4, 14), (5, 5), (5, 2), (5, 3), (5, 4), (5, 7), (5, 8), (5, 9), (5, 10), (5, 11), (5, 12), (5, 13), (5, 14), (5, 6), (6, 6), (6, 2), (6, 3), (6, 4), (6, 7), (6, 8), (6, 9), (6, 10), (6, 11), (6, 12), (6, 13), (6, 14), (6, 5), (7, 7), (7, 4), (7, 9), (7, 10), (7, 14), (8, 8), (8, 3), (8, 4), (8, 7), (8, 9), (8, 10), (8, 14), (9, 9), (9, 4), (9, 7), (9, 10), (9, 14), (10, 10), (10, 4), (10, 7), (10, 9), (10, 14), (11, 11), (11, 2), (11, 3), (11, 4), (11, 7), (11, 8), (11, 9), (11, 10), (11, 12), (11, 13), (11, 14), (12, 12), (12, 2), (12, 3), (12, 4), (12, 7), (12, 8), (12, 9), (12, 10), (12, 11), (12, 13), (12, 14), (13, 13), (13, 2), (13, 3), (13, 4), (13, 7), (13, 8), (13, 9), (13, 10), (13, 11), (13, 12), (13, 14), (14, 14), (14, 4), (14, 7), (14, 9), (14, 10)]

k value: 1
n (number of samples): 15
m (number of mutations): 4
EssILP calls: 182
Runtime: 24.119240760803223 seconds
Number of Nodes: 15
Essential Relation: [(0, 0), (0, 1), (0, 2), (0, 3), (0, 4), (0, 5), (0, 6), (0, 7), (0, 8), (0, 9), (0, 10), (0, 11), (0, 12), (0, 13), (0, 14), (1, 1), (1, 0), (1, 2), (1, 3), (1, 4), (1, 5), (1, 6), (1, 7), (1, 8), (1, 9), (1, 10), (1, 11), (1, 12), (1, 13), (1, 14), (2, 2), (2, 3), (2, 4), (2, 7), (2, 8), (2, 9), (2, 10), (2, 11), (2, 12), (2, 13), (2, 14), (3, 3), (3, 4), (3, 7), (3, 8), (3, 9), (3, 10), (3, 14), (4, 4), (4, 7), (4, 9), (4, 10), (4, 14), (5, 5), (5, 2), (5, 3), (5, 4), (5, 7), (5, 8), (5, 9), (5, 10), (5, 11), (5, 12), (5, 13), (5, 14), (5, 6), (6, 6), (6, 2), (6, 3), (6, 4), (6, 7), (6, 8), (6, 9), (6, 10), (6, 11), (6, 12), (6, 13), (6, 14), (6, 5), (7, 7), (7, 4), (7, 9), (7, 10), (7, 14), (8, 8), (8, 3), (8, 4), (8, 7), (8, 9), (8, 10), (8, 14), (9, 9), (9, 4), (9, 7), (9, 10), (9, 14), (10, 10), (10, 4), (10, 7), (10, 9), (10, 14), (11, 11), (11, 2), (11, 3), (11, 4), (11, 7), (11, 8), (11, 9), (11, 10), (11, 12), (11, 13), (11, 14), (12, 12), (12, 2), (12, 3), (12, 4), (12, 7), (12, 8), (12, 9), (12, 10), (12, 11), (12, 13), (12, 14), (13, 13), (13, 2), (13, 3), (13, 4), (13, 7), (13, 8), (13, 9), (13, 10), (13, 11), (13, 12), (13, 14), (14, 14), (14, 4), (14, 7), (14, 9), (14, 10)]

k value: 1
n (number of samples): 15
m (number of mutations): 4
EssILP calls: 182
Runtime: 24.283814668655396 seconds
Number of Nodes: 15
Essential Relation: [(0, 0), (0, 1), (0, 2), (0, 3), (0, 4), (0, 5), (0, 6), (0, 7), (0, 8), (0, 9), (0, 10), (0, 11), (0, 12), (0, 13), (0, 14), (1, 1), (1, 0), (1, 2), (1, 3), (1, 4), (1, 5), (1, 6), (1, 7), (1, 8), (1, 9), (1, 10), (1, 11), (1, 12), (1, 13), (1, 14), (2, 2), (2, 3), (2, 4), (2, 7), (2, 8), (2, 9), (2, 10), (2, 11), (2, 12), (2, 13), (2, 14), (3, 3), (3, 4), (3, 7), (3, 8), (3, 9), (3, 10), (3, 14), (4, 4), (4, 7), (4, 9), (4, 10), (4, 14), (5, 5), (5, 2), (5, 3), (5, 4), (5, 7), (5, 8), (5, 9), (5, 10), (5, 11), (5, 12), (5, 13), (5, 14), (5, 6), (6, 6), (6, 2), (6, 3), (6, 4), (6, 7), (6, 8), (6, 9), (6, 10), (6, 11), (6, 12), (6, 13), (6, 14), (6, 5), (7, 7), (7, 4), (7, 9), (7, 10), (7, 14), (8, 8), (8, 3), (8, 4), (8, 7), (8, 9), (8, 10), (8, 14), (9, 9), (9, 4), (9, 7), (9, 10), (9, 14), (10, 10), (10, 4), (10, 7), (10, 9), (10, 14), (11, 11), (11, 2), (11, 3), (11, 4), (11, 7), (11, 8), (11, 9), (11, 10), (11, 12), (11, 13), (11, 14), (12, 12), (12, 2), (12, 3), (12, 4), (12, 7), (12, 8), (12, 9), (12, 10), (12, 11), (12, 13), (12, 14), (13, 13), (13, 2), (13, 3), (13, 4), (13, 7), (13, 8), (13, 9), (13, 10), (13, 11), (13, 12), (13, 14), (14, 14), (14, 4), (14, 7), (14, 9), (14, 10)]

k value: 1
n (number of samples): 15
m (number of mutations): 4
EssILP calls: 182
Runtime: 24.37140917778015 seconds
Number of Nodes: 15
Essential Relation: [(0, 0), (0, 1), (0, 2), (0, 3), (0, 4), (0, 5), (0, 6), (0, 7), (0, 8), (0, 9), (0, 10), (0, 11), (0, 12), (0, 13), (0, 14), (1, 1), (1, 0), (1, 2), (1, 3), (1, 4), (1, 5), (1, 6), (1, 7), (1, 8), (1, 9), (1, 10), (1, 11), (1, 12), (1, 13), (1, 14), (2, 2), (2, 3), (2, 4), (2, 7), (2, 8), (2, 9), (2, 10), (2, 11), (2, 12), (2, 13), (2, 14), (3, 3), (3, 4), (3, 7), (3, 8), (3, 9), (3, 10), (3, 14), (4, 4), (4, 7), (4, 9), (4, 10), (4, 14), (5, 5), (5, 2), (5, 3), (5, 4), (5, 7), (5, 8), (5, 9), (5, 10), (5, 11), (5, 12), (5, 13), (5, 14), (5, 6), (6, 6), (6, 2), (6, 3), (6, 4), (6, 7), (6, 8), (6, 9), (6, 10), (6, 11), (6, 12), (6, 13), (6, 14), (6, 5), (7, 7), (7, 4), (7, 9), (7, 10), (7, 14), (8, 8), (8, 3), (8, 4), (8, 7), (8, 9), (8, 10), (8, 14), (9, 9), (9, 4), (9, 7), (9, 10), (9, 14), (10, 10), (10, 4), (10, 7), (10, 9), (10, 14), (11, 11), (11, 2), (11, 3), (11, 4), (11, 7), (11, 8), (11, 9), (11, 10), (11, 12), (11, 13), (11, 14), (12, 12), (12, 2), (12, 3), (12, 4), (12, 7), (12, 8), (12, 9), (12, 10), (12, 11), (12, 13), (12, 14), (13, 13), (13, 2), (13, 3), (13, 4), (13, 7), (13, 8), (13, 9), (13, 10), (13, 11), (13, 12), (13, 14), (14, 14), (14, 4), (14, 7), (14, 9), (14, 10)]

k value: 1
n (number of samples): 15
m (number of mutations): 4
EssILP calls: 182
Runtime: 24.56696343421936 seconds
Number of Nodes: 15
Essential Relation: [(0, 0), (0, 1), (0, 2), (0, 3), (0, 4), (0, 5), (0, 6), (0, 7), (0, 8), (0, 9), (0, 10), (0, 11), (0, 12), (0, 13), (0, 14), (1, 1), (1, 0), (1, 2), (1, 3), (1, 4), (1, 5), (1, 6), (1, 7), (1, 8), (1, 9), (1, 10), (1, 11), (1, 12), (1, 13), (1, 14), (2, 2), (2, 3), (2, 4), (2, 7), (2, 8), (2, 9), (2, 10), (2, 11), (2, 12), (2, 13), (2, 14), (3, 3), (3, 4), (3, 7), (3, 8), (3, 9), (3, 10), (3, 14), (4, 4), (4, 7), (4, 9), (4, 10), (4, 14), (5, 5), (5, 2), (5, 3), (5, 4), (5, 7), (5, 8), (5, 9), (5, 10), (5, 11), (5, 12), (5, 13), (5, 14), (5, 6), (6, 6), (6, 2), (6, 3), (6, 4), (6, 7), (6, 8), (6, 9), (6, 10), (6, 11), (6, 12), (6, 13), (6, 14), (6, 5), (7, 7), (7, 4), (7, 9), (7, 10), (7, 14), (8, 8), (8, 3), (8, 4), (8, 7), (8, 9), (8, 10), (8, 14), (9, 9), (9, 4), (9, 7), (9, 10), (9, 14), (10, 10), (10, 4), (10, 7), (10, 9), (10, 14), (11, 11), (11, 2), (11, 3), (11, 4), (11, 7), (11, 8), (11, 9), (11, 10), (11, 12), (11, 13), (11, 14), (12, 12), (12, 2), (12, 3), (12, 4), (12, 7), (12, 8), (12, 9), (12, 10), (12, 11), (12, 13), (12, 14), (13, 13), (13, 2), (13, 3), (13, 4), (13, 7), (13, 8), (13, 9), (13, 10), (13, 11), (13, 12), (13, 14), (14, 14), (14, 4), (14, 7), (14, 9), (14, 10)]

k value: 1
n (number of samples): 15
m (number of mutations): 4
EssILP calls: 182
Runtime: 32.15262460708618 seconds
Number of Nodes: 15
Essential Relation: [(0, 0), (0, 1), (0, 2), (0, 3), (0, 4), (0, 5), (0, 6), (0, 7), (0, 8), (0, 9), (0, 10), (0, 11), (0, 12), (0, 13), (0, 14), (1, 1), (1, 0), (1, 2), (1, 3), (1, 4), (1, 5), (1, 6), (1, 7), (1, 8), (1, 9), (1, 10), (1, 11), (1, 12), (1, 13), (1, 14), (2, 2), (2, 3), (2, 4), (2, 7), (2, 8), (2, 9), (2, 10), (2, 11), (2, 12), (2, 13), (2, 14), (3, 3), (3, 4), (3, 7), (3, 8), (3, 9), (3, 10), (3, 14), (4, 4), (4, 7), (4, 9), (4, 10), (4, 14), (5, 5), (5, 2), (5, 3), (5, 4), (5, 7), (5, 8), (5, 9), (5, 10), (5, 11), (5, 12), (5, 13), (5, 14), (5, 6), (6, 6), (6, 2), (6, 3), (6, 4), (6, 7), (6, 8), (6, 9), (6, 10), (6, 11), (6, 12), (6, 13), (6, 14), (6, 5), (7, 7), (7, 4), (7, 9), (7, 10), (7, 14), (8, 8), (8, 3), (8, 4), (8, 7), (8, 9), (8, 10), (8, 14), (9, 9), (9, 4), (9, 7), (9, 10), (9, 14), (10, 10), (10, 4), (10, 7), (10, 9), (10, 14), (11, 11), (11, 2), (11, 3), (11, 4), (11, 7), (11, 8), (11, 9), (11, 10), (11, 12), (11, 13), (11, 14), (12, 12), (12, 2), (12, 3), (12, 4), (12, 7), (12, 8), (12, 9), (12, 10), (12, 11), (12, 13), (12, 14), (13, 13), (13, 2), (13, 3), (13, 4), (13, 7), (13, 8), (13, 9), (13, 10), (13, 11), (13, 12), (13, 14), (14, 14), (14, 4), (14, 7), (14, 9), (14, 10)]

k value: 1
n (number of samples): 15
m (number of mutations): 4
EssILP calls: 182
Runtime: 29.70858144760132 seconds
Number of Nodes: 15
Essential Relation: [(0, 0), (0, 1), (0, 2), (0, 3), (0, 4), (0, 5), (0, 6), (0, 7), (0, 8), (0, 9), (0, 10), (0, 11), (0, 12), (0, 13), (0, 14), (1, 1), (1, 0), (1, 2), (1, 3), (1, 4), (1, 5), (1, 6), (1, 7), (1, 8), (1, 9), (1, 10), (1, 11), (1, 12), (1, 13), (1, 14), (2, 2), (2, 3), (2, 4), (2, 7), (2, 8), (2, 9), (2, 10), (2, 11), (2, 12), (2, 13), (2, 14), (3, 3), (3, 4), (3, 7), (3, 8), (3, 9), (3, 10), (3, 14), (4, 4), (4, 7), (4, 9), (4, 10), (4, 14), (5, 5), (5, 2), (5, 3), (5, 4), (5, 7), (5, 8), (5, 9), (5, 10), (5, 11), (5, 12), (5, 13), (5, 14), (5, 6), (6, 6), (6, 2), (6, 3), (6, 4), (6, 7), (6, 8), (6, 9), (6, 10), (6, 11), (6, 12), (6, 13), (6, 14), (6, 5), (7, 7), (7, 4), (7, 9), (7, 10), (7, 14), (8, 8), (8, 3), (8, 4), (8, 7), (8, 9), (8, 10), (8, 14), (9, 9), (9, 4), (9, 7), (9, 10), (9, 14), (10, 10), (10, 4), (10, 7), (10, 9), (10, 14), (11, 11), (11, 2), (11, 3), (11, 4), (11, 7), (11, 8), (11, 9), (11, 10), (11, 12), (11, 13), (11, 14), (12, 12), (12, 2), (12, 3), (12, 4), (12, 7), (12, 8), (12, 9), (12, 10), (12, 11), (12, 13), (12, 14), (13, 13), (13, 2), (13, 3), (13, 4), (13, 7), (13, 8), (13, 9), (13, 10), (13, 11), (13, 12), (13, 14), (14, 14), (14, 4), (14, 7), (14, 9), (14, 10)]

k value: 1
n (number of samples): 15
m (number of mutations): 4
EssILP calls: 182
Runtime: 31.51165509223938 seconds
Number of Nodes: 15
Essential Relation: [(0, 0), (0, 1), (0, 2), (0, 3), (0, 4), (0, 5), (0, 6), (0, 7), (0, 8), (0, 9), (0, 10), (0, 11), (0, 12), (0, 13), (0, 14), (1, 1), (1, 0), (1, 2), (1, 3), (1, 4), (1, 5), (1, 6), (1, 7), (1, 8), (1, 9), (1, 10), (1, 11), (1, 12), (1, 13), (1, 14), (2, 2), (2, 3), (2, 4), (2, 7), (2, 8), (2, 9), (2, 10), (2, 11), (2, 12), (2, 13), (2, 14), (3, 3), (3, 4), (3, 7), (3, 8), (3, 9), (3, 10), (3, 14), (4, 4), (4, 7), (4, 9), (4, 10), (4, 14), (5, 5), (5, 2), (5, 3), (5, 4), (5, 7), (5, 8), (5, 9), (5, 10), (5, 11), (5, 12), (5, 13), (5, 14), (5, 6), (6, 6), (6, 2), (6, 3), (6, 4), (6, 7), (6, 8), (6, 9), (6, 10), (6, 11), (6, 12), (6, 13), (6, 14), (6, 5), (7, 7), (7, 4), (7, 9), (7, 10), (7, 14), (8, 8), (8, 3), (8, 4), (8, 7), (8, 9), (8, 10), (8, 14), (9, 9), (9, 4), (9, 7), (9, 10), (9, 14), (10, 10), (10, 4), (10, 7), (10, 9), (10, 14), (11, 11), (11, 2), (11, 3), (11, 4), (11, 7), (11, 8), (11, 9), (11, 10), (11, 12), (11, 13), (11, 14), (12, 12), (12, 2), (12, 3), (12, 4), (12, 7), (12, 8), (12, 9), (12, 10), (12, 11), (12, 13), (12, 14), (13, 13), (13, 2), (13, 3), (13, 4), (13, 7), (13, 8), (13, 9), (13, 10), (13, 11), (13, 12), (13, 14), (14, 14), (14, 4), (14, 7), (14, 9), (14, 10)]

k value: 1
n (number of samples): 15
m (number of mutations): 4
EssILP calls: 182
Runtime: 32.29639387130737 seconds
Number of Nodes: 15
Essential Relation: [(0, 0), (0, 1), (0, 2), (0, 3), (0, 4), (0, 5), (0, 6), (0, 7), (0, 8), (0, 9), (0, 10), (0, 11), (0, 12), (0, 13), (0, 14), (1, 1), (1, 0), (1, 2), (1, 3), (1, 4), (1, 5), (1, 6), (1, 7), (1, 8), (1, 9), (1, 10), (1, 11), (1, 12), (1, 13), (1, 14), (2, 2), (2, 3), (2, 4), (2, 7), (2, 8), (2, 9), (2, 10), (2, 11), (2, 12), (2, 13), (2, 14), (3, 3), (3, 4), (3, 7), (3, 8), (3, 9), (3, 10), (3, 14), (4, 4), (4, 7), (4, 9), (4, 10), (4, 14), (5, 5), (5, 2), (5, 3), (5, 4), (5, 7), (5, 8), (5, 9), (5, 10), (5, 11), (5, 12), (5, 13), (5, 14), (5, 6), (6, 6), (6, 2), (6, 3), (6, 4), (6, 7), (6, 8), (6, 9), (6, 10), (6, 11), (6, 12), (6, 13), (6, 14), (6, 5), (7, 7), (7, 4), (7, 9), (7, 10), (7, 14), (8, 8), (8, 3), (8, 4), (8, 7), (8, 9), (8, 10), (8, 14), (9, 9), (9, 4), (9, 7), (9, 10), (9, 14), (10, 10), (10, 4), (10, 7), (10, 9), (10, 14), (11, 11), (11, 2), (11, 3), (11, 4), (11, 7), (11, 8), (11, 9), (11, 10), (11, 12), (11, 13), (11, 14), (12, 12), (12, 2), (12, 3), (12, 4), (12, 7), (12, 8), (12, 9), (12, 10), (12, 11), (12, 13), (12, 14), (13, 13), (13, 2), (13, 3), (13, 4), (13, 7), (13, 8), (13, 9), (13, 10), (13, 11), (13, 12), (13, 14), (14, 14), (14, 4), (14, 7), (14, 9), (14, 10)]

k value: 1
n (number of samples): 15
m (number of mutations): 4
EssILP calls: 182
Runtime: 24.166483163833618 seconds
Number of Nodes: 15
Essential Relation: [(0, 0), (0, 1), (0, 2), (0, 3), (0, 4), (0, 5), (0, 6), (0, 7), (0, 8), (0, 9), (0, 10), (0, 11), (0, 12), (0, 13), (0, 14), (1, 1), (1, 0), (1, 2), (1, 3), (1, 4), (1, 5), (1, 6), (1, 7), (1, 8), (1, 9), (1, 10), (1, 11), (1, 12), (1, 13), (1, 14), (2, 2), (2, 3), (2, 4), (2, 7), (2, 8), (2, 9), (2, 10), (2, 11), (2, 12), (2, 13), (2, 14), (3, 3), (3, 4), (3, 7), (3, 8), (3, 9), (3, 10), (3, 14), (4, 4), (4, 7), (4, 9), (4, 10), (4, 14), (5, 5), (5, 2), (5, 3), (5, 4), (5, 7), (5, 8), (5, 9), (5, 10), (5, 11), (5, 12), (5, 13), (5, 14), (5, 6), (6, 6), (6, 2), (6, 3), (6, 4), (6, 7), (6, 8), (6, 9), (6, 10), (6, 11), (6, 12), (6, 13), (6, 14), (6, 5), (7, 7), (7, 4), (7, 9), (7, 10), (7, 14), (8, 8), (8, 3), (8, 4), (8, 7), (8, 9), (8, 10), (8, 14), (9, 9), (9, 4), (9, 7), (9, 10), (9, 14), (10, 10), (10, 4), (10, 7), (10, 9), (10, 14), (11, 11), (11, 2), (11, 3), (11, 4), (11, 7), (11, 8), (11, 9), (11, 10), (11, 12), (11, 13), (11, 14), (12, 12), (12, 2), (12, 3), (12, 4), (12, 7), (12, 8), (12, 9), (12, 10), (12, 11), (12, 13), (12, 14), (13, 13), (13, 2), (13, 3), (13, 4), (13, 7), (13, 8), (13, 9), (13, 10), (13, 11), (13, 12), (13, 14), (14, 14), (14, 4), (14, 7), (14, 9), (14, 10)]

k value: 1
n (number of samples): 15
m (number of mutations): 4
EssILP calls: 182
Runtime: 82.07927656173706 seconds
Number of Nodes: 15
Essential Relation: [(0, 0), (0, 1), (0, 2), (0, 3), (0, 4), (0, 5), (0, 6), (0, 7), (0, 8), (0, 9), (0, 10), (0, 11), (0, 12), (0, 13), (0, 14), (1, 1), (1, 0), (1, 2), (1, 3), (1, 4), (1, 5), (1, 6), (1, 7), (1, 8), (1, 9), (1, 10), (1, 11), (1, 12), (1, 13), (1, 14), (2, 2), (2, 3), (2, 4), (2, 7), (2, 8), (2, 9), (2, 10), (2, 11), (2, 12), (2, 13), (2, 14), (3, 3), (3, 4), (3, 7), (3, 8), (3, 9), (3, 10), (3, 14), (4, 4), (4, 7), (4, 9), (4, 10), (4, 14), (5, 5), (5, 2), (5, 3), (5, 4), (5, 7), (5, 8), (5, 9), (5, 10), (5, 11), (5, 12), (5, 13), (5, 14), (5, 6), (6, 6), (6, 2), (6, 3), (6, 4), (6, 7), (6, 8), (6, 9), (6, 10), (6, 11), (6, 12), (6, 13), (6, 14), (6, 5), (7, 7), (7, 4), (7, 9), (7, 10), (7, 14), (8, 8), (8, 3), (8, 4), (8, 7), (8, 9), (8, 10), (8, 14), (9, 9), (9, 4), (9, 7), (9, 10), (9, 14), (10, 10), (10, 4), (10, 7), (10, 9), (10, 14), (11, 11), (11, 2), (11, 3), (11, 4), (11, 7), (11, 8), (11, 9), (11, 10), (11, 12), (11, 13), (11, 14), (12, 12), (12, 2), (12, 3), (12, 4), (12, 7), (12, 8), (12, 9), (12, 10), (12, 11), (12, 13), (12, 14), (13, 13), (13, 2), (13, 3), (13, 4), (13, 7), (13, 8), (13, 9), (13, 10), (13, 11), (13, 12), (13, 14), (14, 14), (14, 4), (14, 7), (14, 9), (14, 10)]

k value: 1
n (number of samples): 15
m (number of mutations): 4
EssILP calls: 182
Runtime: 44.03225803375244 seconds
Number of Nodes: 15
Essential Relation: [(0, 0), (0, 1), (0, 2), (0, 3), (0, 4), (0, 5), (0, 6), (0, 7), (0, 8), (0, 9), (0, 10), (0, 11), (0, 12), (0, 13), (0, 14), (1, 1), (1, 0), (1, 2), (1, 3), (1, 4), (1, 5), (1, 6), (1, 7), (1, 8), (1, 9), (1, 10), (1, 11), (1, 12), (1, 13), (1, 14), (2, 2), (2, 3), (2, 4), (2, 7), (2, 8), (2, 9), (2, 10), (2, 11), (2, 12), (2, 13), (2, 14), (3, 3), (3, 4), (3, 7), (3, 8), (3, 9), (3, 10), (3, 14), (4, 4), (4, 7), (4, 9), (4, 10), (4, 14), (5, 5), (5, 2), (5, 3), (5, 4), (5, 7), (5, 8), (5, 9), (5, 10), (5, 11), (5, 12), (5, 13), (5, 14), (5, 6), (6, 6), (6, 2), (6, 3), (6, 4), (6, 7), (6, 8), (6, 9), (6, 10), (6, 11), (6, 12), (6, 13), (6, 14), (6, 5), (7, 7), (7, 4), (7, 9), (7, 10), (7, 14), (8, 8), (8, 3), (8, 4), (8, 7), (8, 9), (8, 10), (8, 14), (9, 9), (9, 4), (9, 7), (9, 10), (9, 14), (10, 10), (10, 4), (10, 7), (10, 9), (10, 14), (11, 11), (11, 2), (11, 3), (11, 4), (11, 7), (11, 8), (11, 9), (11, 10), (11, 12), (11, 13), (11, 14), (12, 12), (12, 2), (12, 3), (12, 4), (12, 7), (12, 8), (12, 9), (12, 10), (12, 11), (12, 13), (12, 14), (13, 13), (13, 2), (13, 3), (13, 4), (13, 7), (13, 8), (13, 9), (13, 10), (13, 11), (13, 12), (13, 14), (14, 14), (14, 4), (14, 7), (14, 9), (14, 10)]

k value: 1
n (number of samples): 15
m (number of mutations): 4
EssILP calls: 182
Runtime: 25.51290225982666 seconds
Number of Nodes: 15
Essential Relation: [(0, 0), (0, 1), (0, 2), (0, 3), (0, 4), (0, 5), (0, 6), (0, 7), (0, 8), (0, 9), (0, 10), (0, 11), (0, 12), (0, 13), (0, 14), (1, 1), (1, 0), (1, 2), (1, 3), (1, 4), (1, 5), (1, 6), (1, 7), (1, 8), (1, 9), (1, 10), (1, 11), (1, 12), (1, 13), (1, 14), (2, 2), (2, 3), (2, 4), (2, 7), (2, 8), (2, 9), (2, 10), (2, 11), (2, 12), (2, 13), (2, 14), (3, 3), (3, 4), (3, 7), (3, 8), (3, 9), (3, 10), (3, 14), (4, 4), (4, 7), (4, 9), (4, 10), (4, 14), (5, 5), (5, 2), (5, 3), (5, 4), (5, 7), (5, 8), (5, 9), (5, 10), (5, 11), (5, 12), (5, 13), (5, 14), (5, 6), (6, 6), (6, 2), (6, 3), (6, 4), (6, 7), (6, 8), (6, 9), (6, 10), (6, 11), (6, 12), (6, 13), (6, 14), (6, 5), (7, 7), (7, 4), (7, 9), (7, 10), (7, 14), (8, 8), (8, 3), (8, 4), (8, 7), (8, 9), (8, 10), (8, 14), (9, 9), (9, 4), (9, 7), (9, 10), (9, 14), (10, 10), (10, 4), (10, 7), (10, 9), (10, 14), (11, 11), (11, 2), (11, 3), (11, 4), (11, 7), (11, 8), (11, 9), (11, 10), (11, 12), (11, 13), (11, 14), (12, 12), (12, 2), (12, 3), (12, 4), (12, 7), (12, 8), (12, 9), (12, 10), (12, 11), (12, 13), (12, 14), (13, 13), (13, 2), (13, 3), (13, 4), (13, 7), (13, 8), (13, 9), (13, 10), (13, 11), (13, 12), (13, 14), (14, 14), (14, 4), (14, 7), (14, 9), (14, 10)]

k value: 1
n (number of samples): 15
m (number of mutations): 4
EssILP calls: 182
Runtime: 24.71858525276184 seconds
Number of Nodes: 15
Essential Relation: [(0, 0), (0, 1), (0, 2), (0, 3), (0, 4), (0, 5), (0, 6), (0, 7), (0, 8), (0, 9), (0, 10), (0, 11), (0, 12), (0, 13), (0, 14), (1, 1), (1, 0), (1, 2), (1, 3), (1, 4), (1, 5), (1, 6), (1, 7), (1, 8), (1, 9), (1, 10), (1, 11), (1, 12), (1, 13), (1, 14), (2, 2), (2, 3), (2, 4), (2, 7), (2, 8), (2, 9), (2, 10), (2, 11), (2, 12), (2, 13), (2, 14), (3, 3), (3, 4), (3, 7), (3, 8), (3, 9), (3, 10), (3, 14), (4, 4), (4, 7), (4, 9), (4, 10), (4, 14), (5, 5), (5, 2), (5, 3), (5, 4), (5, 7), (5, 8), (5, 9), (5, 10), (5, 11), (5, 12), (5, 13), (5, 14), (5, 6), (6, 6), (6, 2), (6, 3), (6, 4), (6, 7), (6, 8), (6, 9), (6, 10), (6, 11), (6, 12), (6, 13), (6, 14), (6, 5), (7, 7), (7, 4), (7, 9), (7, 10), (7, 14), (8, 8), (8, 3), (8, 4), (8, 7), (8, 9), (8, 10), (8, 14), (9, 9), (9, 4), (9, 7), (9, 10), (9, 14), (10, 10), (10, 4), (10, 7), (10, 9), (10, 14), (11, 11), (11, 2), (11, 3), (11, 4), (11, 7), (11, 8), (11, 9), (11, 10), (11, 12), (11, 13), (11, 14), (12, 12), (12, 2), (12, 3), (12, 4), (12, 7), (12, 8), (12, 9), (12, 10), (12, 11), (12, 13), (12, 14), (13, 13), (13, 2), (13, 3), (13, 4), (13, 7), (13, 8), (13, 9), (13, 10), (13, 11), (13, 12), (13, 14), (14, 14), (14, 4), (14, 7), (14, 9), (14, 10)]

k value: 1
n (number of samples): 15
m (number of mutations): 4
EssILP calls: 182
Runtime: 24.232190132141113 seconds
Number of Nodes: 15
Essential Relation: [(0, 0), (0, 1), (0, 2), (0, 3), (0, 4), (0, 5), (0, 6), (0, 7), (0, 8), (0, 9), (0, 10), (0, 11), (0, 12), (0, 13), (0, 14), (1, 1), (1, 0), (1, 2), (1, 3), (1, 4), (1, 5), (1, 6), (1, 7), (1, 8), (1, 9), (1, 10), (1, 11), (1, 12), (1, 13), (1, 14), (2, 2), (2, 3), (2, 4), (2, 7), (2, 8), (2, 9), (2, 10), (2, 11), (2, 12), (2, 13), (2, 14), (3, 3), (3, 4), (3, 7), (3, 8), (3, 9), (3, 10), (3, 14), (4, 4), (4, 7), (4, 9), (4, 10), (4, 14), (5, 5), (5, 2), (5, 3), (5, 4), (5, 7), (5, 8), (5, 9), (5, 10), (5, 11), (5, 12), (5, 13), (5, 14), (5, 6), (6, 6), (6, 2), (6, 3), (6, 4), (6, 7), (6, 8), (6, 9), (6, 10), (6, 11), (6, 12), (6, 13), (6, 14), (6, 5), (7, 7), (7, 4), (7, 9), (7, 10), (7, 14), (8, 8), (8, 3), (8, 4), (8, 7), (8, 9), (8, 10), (8, 14), (9, 9), (9, 4), (9, 7), (9, 10), (9, 14), (10, 10), (10, 4), (10, 7), (10, 9), (10, 14), (11, 11), (11, 2), (11, 3), (11, 4), (11, 7), (11, 8), (11, 9), (11, 10), (11, 12), (11, 13), (11, 14), (12, 12), (12, 2), (12, 3), (12, 4), (12, 7), (12, 8), (12, 9), (12, 10), (12, 11), (12, 13), (12, 14), (13, 13), (13, 2), (13, 3), (13, 4), (13, 7), (13, 8), (13, 9), (13, 10), (13, 11), (13, 12), (13, 14), (14, 14), (14, 4), (14, 7), (14, 9), (14, 10)]

k value: 1
n (number of samples): 15
m (number of mutations): 4
EssILP calls: 182
Runtime: 63.93882179260254 seconds
Number of Nodes: 15
Essential Relation: [(0, 0), (0, 1), (0, 2), (0, 3), (0, 4), (0, 5), (0, 6), (0, 7), (0, 8), (0, 9), (0, 10), (0, 11), (0, 12), (0, 13), (0, 14), (1, 1), (1, 0), (1, 2), (1, 3), (1, 4), (1, 5), (1, 6), (1, 7), (1, 8), (1, 9), (1, 10), (1, 11), (1, 12), (1, 13), (1, 14), (2, 2), (2, 3), (2, 4), (2, 7), (2, 8), (2, 9), (2, 10), (2, 11), (2, 12), (2, 13), (2, 14), (3, 3), (3, 4), (3, 7), (3, 8), (3, 9), (3, 10), (3, 14), (4, 4), (4, 7), (4, 9), (4, 10), (4, 14), (5, 5), (5, 2), (5, 3), (5, 4), (5, 7), (5, 8), (5, 9), (5, 10), (5, 11), (5, 12), (5, 13), (5, 14), (5, 6), (6, 6), (6, 2), (6, 3), (6, 4), (6, 7), (6, 8), (6, 9), (6, 10), (6, 11), (6, 12), (6, 13), (6, 14), (6, 5), (7, 7), (7, 4), (7, 9), (7, 10), (7, 14), (8, 8), (8, 3), (8, 4), (8, 7), (8, 9), (8, 10), (8, 14), (9, 9), (9, 4), (9, 7), (9, 10), (9, 14), (10, 10), (10, 4), (10, 7), (10, 9), (10, 14), (11, 11), (11, 2), (11, 3), (11, 4), (11, 7), (11, 8), (11, 9), (11, 10), (11, 12), (11, 13), (11, 14), (12, 12), (12, 2), (12, 3), (12, 4), (12, 7), (12, 8), (12, 9), (12, 10), (12, 11), (12, 13), (12, 14), (13, 13), (13, 2), (13, 3), (13, 4), (13, 7), (13, 8), (13, 9), (13, 10), (13, 11), (13, 12), (13, 14), (14, 14), (14, 4), (14, 7), (14, 9), (14, 10)]

k value: 1
n (number of samples): 15
m (number of mutations): 4
EssILP calls: 182
Runtime: 74.04639649391174 seconds
Number of Nodes: 15
Essential Relation: [(0, 0), (0, 1), (0, 2), (0, 3), (0, 4), (0, 5), (0, 6), (0, 7), (0, 8), (0, 9), (0, 10), (0, 11), (0, 12), (0, 13), (0, 14), (1, 1), (1, 0), (1, 2), (1, 3), (1, 4), (1, 5), (1, 6), (1, 7), (1, 8), (1, 9), (1, 10), (1, 11), (1, 12), (1, 13), (1, 14), (2, 2), (2, 3), (2, 4), (2, 7), (2, 8), (2, 9), (2, 10), (2, 11), (2, 12), (2, 13), (2, 14), (3, 3), (3, 4), (3, 7), (3, 8), (3, 9), (3, 10), (3, 14), (4, 4), (4, 7), (4, 9), (4, 10), (4, 14), (5, 5), (5, 2), (5, 3), (5, 4), (5, 7), (5, 8), (5, 9), (5, 10), (5, 11), (5, 12), (5, 13), (5, 14), (5, 6), (6, 6), (6, 2), (6, 3), (6, 4), (6, 7), (6, 8), (6, 9), (6, 10), (6, 11), (6, 12), (6, 13), (6, 14), (6, 5), (7, 7), (7, 4), (7, 9), (7, 10), (7, 14), (8, 8), (8, 3), (8, 4), (8, 7), (8, 9), (8, 10), (8, 14), (9, 9), (9, 4), (9, 7), (9, 10), (9, 14), (10, 10), (10, 4), (10, 7), (10, 9), (10, 14), (11, 11), (11, 2), (11, 3), (11, 4), (11, 7), (11, 8), (11, 9), (11, 10), (11, 12), (11, 13), (11, 14), (12, 12), (12, 2), (12, 3), (12, 4), (12, 7), (12, 8), (12, 9), (12, 10), (12, 11), (12, 13), (12, 14), (13, 13), (13, 2), (13, 3), (13, 4), (13, 7), (13, 8), (13, 9), (13, 10), (13, 11), (13, 12), (13, 14), (14, 14), (14, 4), (14, 7), (14, 9), (14, 10)]

k value: 1
n (number of samples): 15
m (number of mutations): 4
EssILP calls: 182
Runtime: 23.28756308555603 seconds
Number of Nodes: 15
Essential Relation: [(0, 0), (0, 1), (0, 2), (0, 3), (0, 4), (0, 5), (0, 6), (0, 7), (0, 8), (0, 9), (0, 10), (0, 11), (0, 12), (0, 13), (0, 14), (1, 1), (1, 0), (1, 2), (1, 3), (1, 4), (1, 5), (1, 6), (1, 7), (1, 8), (1, 9), (1, 10), (1, 11), (1, 12), (1, 13), (1, 14), (2, 2), (2, 3), (2, 4), (2, 7), (2, 8), (2, 9), (2, 10), (2, 11), (2, 12), (2, 13), (2, 14), (3, 3), (3, 4), (3, 7), (3, 8), (3, 9), (3, 10), (3, 14), (4, 4), (4, 7), (4, 9), (4, 10), (4, 14), (5, 5), (5, 2), (5, 3), (5, 4), (5, 7), (5, 8), (5, 9), (5, 10), (5, 11), (5, 12), (5, 13), (5, 14), (5, 6), (6, 6), (6, 2), (6, 3), (6, 4), (6, 7), (6, 8), (6, 9), (6, 10), (6, 11), (6, 12), (6, 13), (6, 14), (6, 5), (7, 7), (7, 4), (7, 9), (7, 10), (7, 14), (8, 8), (8, 3), (8, 4), (8, 7), (8, 9), (8, 10), (8, 14), (9, 9), (9, 4), (9, 7), (9, 10), (9, 14), (10, 10), (10, 4), (10, 7), (10, 9), (10, 14), (11, 11), (11, 2), (11, 3), (11, 4), (11, 7), (11, 8), (11, 9), (11, 10), (11, 12), (11, 13), (11, 14), (12, 12), (12, 2), (12, 3), (12, 4), (12, 7), (12, 8), (12, 9), (12, 10), (12, 11), (12, 13), (12, 14), (13, 13), (13, 2), (13, 3), (13, 4), (13, 7), (13, 8), (13, 9), (13, 10), (13, 11), (13, 12), (13, 14), (14, 14), (14, 4), (14, 7), (14, 9), (14, 10)]

