k value: 0
n (number of samples): 15
m (number of mutations): 4
EssILP calls: 195
Runtime: 26.984661102294922 seconds
Number of Nodes: 15
Essential Relation: [(0, 0), (0, 1), (0, 2), (0, 3), (0, 4), (0, 5), (0, 6), (0, 7), (0, 8), (0, 9), (0, 10), (0, 11), (0, 12), (0, 13), (0, 14), (1, 1), (1, 4), (1, 7), (1, 9), (1, 10), (1, 14), (2, 2), (2, 1), (2, 4), (2, 7), (2, 9), (2, 10), (2, 14), (2, 3), (2, 8), (2, 11), (2, 12), (2, 13), (3, 3), (3, 4), (3, 8), (3, 9), (3, 10), (3, 14), (4, 4), (4, 9), (4, 10), (4, 14), (5, 5), (5, 1), (5, 4), (5, 7), (5, 9), (5, 10), (5, 14), (5, 2), (5, 3), (5, 8), (5, 11), (5, 12), (5, 13), (5, 6), (6, 6), (6, 1), (6, 4), (6, 7), (6, 9), (6, 10), (6, 14), (6, 2), (6, 3), (6, 8), (6, 11), (6, 12), (6, 13), (6, 5), (7, 7), (7, 1), (7, 4), (7, 9), (7, 10), (7, 14), (8, 8), (8, 3), (8, 4), (8, 9), (8, 10), (8, 14), (9, 9), (9, 4), (9, 10), (9, 14), (10, 10), (10, 4), (10, 9), (10, 14), (11, 11), (11, 1), (11, 4), (11, 7), (11, 9), (11, 10), (11, 14), (11, 2), (11, 3), (11, 8), (11, 12), (11, 13), (12, 12), (12, 1), (12, 4), (12, 7), (12, 9), (12, 10), (12, 14), (12, 2), (12, 3), (12, 8), (12, 11), (12, 13), (13, 13), (13, 1), (13, 4), (13, 7), (13, 9), (13, 10), (13, 14), (13, 2), (13, 3), (13, 8), (13, 11), (13, 12), (14, 14), (14, 4), (14, 9), (14, 10)]

k value: 0
n (number of samples): 15
m (number of mutations): 4
EssILP calls: 195
Runtime: 26.623711109161377 seconds
Number of Nodes: 15
Essential Relation: [(0, 0), (0, 1), (0, 2), (0, 3), (0, 4), (0, 5), (0, 6), (0, 7), (0, 8), (0, 9), (0, 10), (0, 11), (0, 12), (0, 13), (0, 14), (1, 1), (1, 4), (1, 7), (1, 9), (1, 10), (1, 14), (2, 2), (2, 1), (2, 4), (2, 7), (2, 9), (2, 10), (2, 14), (2, 3), (2, 8), (2, 11), (2, 12), (2, 13), (3, 3), (3, 4), (3, 8), (3, 9), (3, 10), (3, 14), (4, 4), (4, 9), (4, 10), (4, 14), (5, 5), (5, 1), (5, 4), (5, 7), (5, 9), (5, 10), (5, 14), (5, 2), (5, 3), (5, 8), (5, 11), (5, 12), (5, 13), (5, 6), (6, 6), (6, 1), (6, 4), (6, 7), (6, 9), (6, 10), (6, 14), (6, 2), (6, 3), (6, 8), (6, 11), (6, 12), (6, 13), (6, 5), (7, 7), (7, 1), (7, 4), (7, 9), (7, 10), (7, 14), (8, 8), (8, 3), (8, 4), (8, 9), (8, 10), (8, 14), (9, 9), (9, 4), (9, 10), (9, 14), (10, 10), (10, 4), (10, 9), (10, 14), (11, 11), (11, 1), (11, 4), (11, 7), (11, 9), (11, 10), (11, 14), (11, 2), (11, 3), (11, 8), (11, 12), (11, 13), (12, 12), (12, 1), (12, 4), (12, 7), (12, 9), (12, 10), (12, 14), (12, 2), (12, 3), (12, 8), (12, 11), (12, 13), (13, 13), (13, 1), (13, 4), (13, 7), (13, 9), (13, 10), (13, 14), (13, 2), (13, 3), (13, 8), (13, 11), (13, 12), (14, 14), (14, 4), (14, 9), (14, 10)]

k value: 0
n (number of samples): 15
m (number of mutations): 4
EssILP calls: 195
Runtime: 54.59018349647522 seconds
Number of Nodes: 15
Essential Relation: [(0, 0), (0, 1), (0, 2), (0, 3), (0, 4), (0, 5), (0, 6), (0, 7), (0, 8), (0, 9), (0, 10), (0, 11), (0, 12), (0, 13), (0, 14), (1, 1), (1, 4), (1, 7), (1, 9), (1, 10), (1, 14), (2, 2), (2, 1), (2, 4), (2, 7), (2, 9), (2, 10), (2, 14), (2, 3), (2, 8), (2, 11), (2, 12), (2, 13), (3, 3), (3, 4), (3, 8), (3, 9), (3, 10), (3, 14), (4, 4), (4, 9), (4, 10), (4, 14), (5, 5), (5, 1), (5, 4), (5, 7), (5, 9), (5, 10), (5, 14), (5, 2), (5, 3), (5, 8), (5, 11), (5, 12), (5, 13), (5, 6), (6, 6), (6, 1), (6, 4), (6, 7), (6, 9), (6, 10), (6, 14), (6, 2), (6, 3), (6, 8), (6, 11), (6, 12), (6, 13), (6, 5), (7, 7), (7, 1), (7, 4), (7, 9), (7, 10), (7, 14), (8, 8), (8, 3), (8, 4), (8, 9), (8, 10), (8, 14), (9, 9), (9, 4), (9, 10), (9, 14), (10, 10), (10, 4), (10, 9), (10, 14), (11, 11), (11, 1), (11, 4), (11, 7), (11, 9), (11, 10), (11, 14), (11, 2), (11, 3), (11, 8), (11, 12), (11, 13), (12, 12), (12, 1), (12, 4), (12, 7), (12, 9), (12, 10), (12, 14), (12, 2), (12, 3), (12, 8), (12, 11), (12, 13), (13, 13), (13, 1), (13, 4), (13, 7), (13, 9), (13, 10), (13, 14), (13, 2), (13, 3), (13, 8), (13, 11), (13, 12), (14, 14), (14, 4), (14, 9), (14, 10)]

k value: 0
n (number of samples): 15
m (number of mutations): 4
EssILP calls: 195
Runtime: 34.43762731552124 seconds
Number of Nodes: 15
Essential Relation: [(0, 0), (0, 1), (0, 2), (0, 3), (0, 4), (0, 5), (0, 6), (0, 7), (0, 8), (0, 9), (0, 10), (0, 11), (0, 12), (0, 13), (0, 14), (1, 1), (1, 4), (1, 7), (1, 9), (1, 10), (1, 14), (2, 2), (2, 1), (2, 4), (2, 7), (2, 9), (2, 10), (2, 14), (2, 3), (2, 8), (2, 11), (2, 12), (2, 13), (3, 3), (3, 4), (3, 8), (3, 9), (3, 10), (3, 14), (4, 4), (4, 9), (4, 10), (4, 14), (5, 5), (5, 1), (5, 4), (5, 7), (5, 9), (5, 10), (5, 14), (5, 2), (5, 3), (5, 8), (5, 11), (5, 12), (5, 13), (5, 6), (6, 6), (6, 1), (6, 4), (6, 7), (6, 9), (6, 10), (6, 14), (6, 2), (6, 3), (6, 8), (6, 11), (6, 12), (6, 13), (6, 5), (7, 7), (7, 1), (7, 4), (7, 9), (7, 10), (7, 14), (8, 8), (8, 3), (8, 4), (8, 9), (8, 10), (8, 14), (9, 9), (9, 4), (9, 10), (9, 14), (10, 10), (10, 4), (10, 9), (10, 14), (11, 11), (11, 1), (11, 4), (11, 7), (11, 9), (11, 10), (11, 14), (11, 2), (11, 3), (11, 8), (11, 12), (11, 13), (12, 12), (12, 1), (12, 4), (12, 7), (12, 9), (12, 10), (12, 14), (12, 2), (12, 3), (12, 8), (12, 11), (12, 13), (13, 13), (13, 1), (13, 4), (13, 7), (13, 9), (13, 10), (13, 14), (13, 2), (13, 3), (13, 8), (13, 11), (13, 12), (14, 14), (14, 4), (14, 9), (14, 10)]

k value: 0
n (number of samples): 15
m (number of mutations): 4
EssILP calls: 195
Runtime: 125.91733622550964 seconds
Number of Nodes: 15
Essential Relation: [(0, 0), (0, 1), (0, 2), (0, 3), (0, 4), (0, 5), (0, 6), (0, 7), (0, 8), (0, 9), (0, 10), (0, 11), (0, 12), (0, 13), (0, 14), (1, 1), (1, 4), (1, 7), (1, 9), (1, 10), (1, 14), (2, 2), (2, 1), (2, 4), (2, 7), (2, 9), (2, 10), (2, 14), (2, 3), (2, 8), (2, 11), (2, 12), (2, 13), (3, 3), (3, 4), (3, 8), (3, 9), (3, 10), (3, 14), (4, 4), (4, 9), (4, 10), (4, 14), (5, 5), (5, 1), (5, 4), (5, 7), (5, 9), (5, 10), (5, 14), (5, 2), (5, 3), (5, 8), (5, 11), (5, 12), (5, 13), (5, 6), (6, 6), (6, 1), (6, 4), (6, 7), (6, 9), (6, 10), (6, 14), (6, 2), (6, 3), (6, 8), (6, 11), (6, 12), (6, 13), (6, 5), (7, 7), (7, 1), (7, 4), (7, 9), (7, 10), (7, 14), (8, 8), (8, 3), (8, 4), (8, 9), (8, 10), (8, 14), (9, 9), (9, 4), (9, 10), (9, 14), (10, 10), (10, 4), (10, 9), (10, 14), (11, 11), (11, 1), (11, 4), (11, 7), (11, 9), (11, 10), (11, 14), (11, 2), (11, 3), (11, 8), (11, 12), (11, 13), (12, 12), (12, 1), (12, 4), (12, 7), (12, 9), (12, 10), (12, 14), (12, 2), (12, 3), (12, 8), (12, 11), (12, 13), (13, 13), (13, 1), (13, 4), (13, 7), (13, 9), (13, 10), (13, 14), (13, 2), (13, 3), (13, 8), (13, 11), (13, 12), (14, 14), (14, 4), (14, 9), (14, 10)]

k value: 0
n (number of samples): 15
m (number of mutations): 4
EssILP calls: 195
Runtime: 34.62599492073059 seconds
Number of Nodes: 15
Essential Relation: [(0, 0), (0, 1), (0, 2), (0, 3), (0, 4), (0, 5), (0, 6), (0, 7), (0, 8), (0, 9), (0, 10), (0, 11), (0, 12), (0, 13), (0, 14), (1, 1), (1, 4), (1, 7), (1, 9), (1, 10), (1, 14), (2, 2), (2, 1), (2, 4), (2, 7), (2, 9), (2, 10), (2, 14), (2, 3), (2, 8), (2, 11), (2, 12), (2, 13), (3, 3), (3, 4), (3, 8), (3, 9), (3, 10), (3, 14), (4, 4), (4, 9), (4, 10), (4, 14), (5, 5), (5, 1), (5, 4), (5, 7), (5, 9), (5, 10), (5, 14), (5, 2), (5, 3), (5, 8), (5, 11), (5, 12), (5, 13), (5, 6), (6, 6), (6, 1), (6, 4), (6, 7), (6, 9), (6, 10), (6, 14), (6, 2), (6, 3), (6, 8), (6, 11), (6, 12), (6, 13), (6, 5), (7, 7), (7, 1), (7, 4), (7, 9), (7, 10), (7, 14), (8, 8), (8, 3), (8, 4), (8, 9), (8, 10), (8, 14), (9, 9), (9, 4), (9, 10), (9, 14), (10, 10), (10, 4), (10, 9), (10, 14), (11, 11), (11, 1), (11, 4), (11, 7), (11, 9), (11, 10), (11, 14), (11, 2), (11, 3), (11, 8), (11, 12), (11, 13), (12, 12), (12, 1), (12, 4), (12, 7), (12, 9), (12, 10), (12, 14), (12, 2), (12, 3), (12, 8), (12, 11), (12, 13), (13, 13), (13, 1), (13, 4), (13, 7), (13, 9), (13, 10), (13, 14), (13, 2), (13, 3), (13, 8), (13, 11), (13, 12), (14, 14), (14, 4), (14, 9), (14, 10)]

k value: 0
n (number of samples): 15
m (number of mutations): 4
EssILP calls: 195
Runtime: 48.435049533843994 seconds
Number of Nodes: 15
Essential Relation: [(0, 0), (0, 1), (0, 2), (0, 3), (0, 4), (0, 5), (0, 6), (0, 7), (0, 8), (0, 9), (0, 10), (0, 11), (0, 12), (0, 13), (0, 14), (1, 1), (1, 4), (1, 7), (1, 9), (1, 10), (1, 14), (2, 2), (2, 1), (2, 4), (2, 7), (2, 9), (2, 10), (2, 14), (2, 3), (2, 8), (2, 11), (2, 12), (2, 13), (3, 3), (3, 4), (3, 8), (3, 9), (3, 10), (3, 14), (4, 4), (4, 9), (4, 10), (4, 14), (5, 5), (5, 1), (5, 4), (5, 7), (5, 9), (5, 10), (5, 14), (5, 2), (5, 3), (5, 8), (5, 11), (5, 12), (5, 13), (5, 6), (6, 6), (6, 1), (6, 4), (6, 7), (6, 9), (6, 10), (6, 14), (6, 2), (6, 3), (6, 8), (6, 11), (6, 12), (6, 13), (6, 5), (7, 7), (7, 1), (7, 4), (7, 9), (7, 10), (7, 14), (8, 8), (8, 3), (8, 4), (8, 9), (8, 10), (8, 14), (9, 9), (9, 4), (9, 10), (9, 14), (10, 10), (10, 4), (10, 9), (10, 14), (11, 11), (11, 1), (11, 4), (11, 7), (11, 9), (11, 10), (11, 14), (11, 2), (11, 3), (11, 8), (11, 12), (11, 13), (12, 12), (12, 1), (12, 4), (12, 7), (12, 9), (12, 10), (12, 14), (12, 2), (12, 3), (12, 8), (12, 11), (12, 13), (13, 13), (13, 1), (13, 4), (13, 7), (13, 9), (13, 10), (13, 14), (13, 2), (13, 3), (13, 8), (13, 11), (13, 12), (14, 14), (14, 4), (14, 9), (14, 10)]

k value: 0
n (number of samples): 15
m (number of mutations): 4
EssILP calls: 195
Runtime: 34.00596022605896 seconds
Number of Nodes: 15
Essential Relation: [(0, 0), (0, 1), (0, 2), (0, 3), (0, 4), (0, 5), (0, 6), (0, 7), (0, 8), (0, 9), (0, 10), (0, 11), (0, 12), (0, 13), (0, 14), (1, 1), (1, 4), (1, 7), (1, 9), (1, 10), (1, 14), (2, 2), (2, 1), (2, 4), (2, 7), (2, 9), (2, 10), (2, 14), (2, 3), (2, 8), (2, 11), (2, 12), (2, 13), (3, 3), (3, 4), (3, 8), (3, 9), (3, 10), (3, 14), (4, 4), (4, 9), (4, 10), (4, 14), (5, 5), (5, 1), (5, 4), (5, 7), (5, 9), (5, 10), (5, 14), (5, 2), (5, 3), (5, 8), (5, 11), (5, 12), (5, 13), (5, 6), (6, 6), (6, 1), (6, 4), (6, 7), (6, 9), (6, 10), (6, 14), (6, 2), (6, 3), (6, 8), (6, 11), (6, 12), (6, 13), (6, 5), (7, 7), (7, 1), (7, 4), (7, 9), (7, 10), (7, 14), (8, 8), (8, 3), (8, 4), (8, 9), (8, 10), (8, 14), (9, 9), (9, 4), (9, 10), (9, 14), (10, 10), (10, 4), (10, 9), (10, 14), (11, 11), (11, 1), (11, 4), (11, 7), (11, 9), (11, 10), (11, 14), (11, 2), (11, 3), (11, 8), (11, 12), (11, 13), (12, 12), (12, 1), (12, 4), (12, 7), (12, 9), (12, 10), (12, 14), (12, 2), (12, 3), (12, 8), (12, 11), (12, 13), (13, 13), (13, 1), (13, 4), (13, 7), (13, 9), (13, 10), (13, 14), (13, 2), (13, 3), (13, 8), (13, 11), (13, 12), (14, 14), (14, 4), (14, 9), (14, 10)]

k value: 0
n (number of samples): 15
m (number of mutations): 4
EssILP calls: 195
Runtime: 123.22645258903503 seconds
Number of Nodes: 15
Essential Relation: [(0, 0), (0, 1), (0, 2), (0, 3), (0, 4), (0, 5), (0, 6), (0, 7), (0, 8), (0, 9), (0, 10), (0, 11), (0, 12), (0, 13), (0, 14), (1, 1), (1, 4), (1, 7), (1, 9), (1, 10), (1, 14), (2, 2), (2, 1), (2, 4), (2, 7), (2, 9), (2, 10), (2, 14), (2, 3), (2, 8), (2, 11), (2, 12), (2, 13), (3, 3), (3, 4), (3, 8), (3, 9), (3, 10), (3, 14), (4, 4), (4, 9), (4, 10), (4, 14), (5, 5), (5, 1), (5, 4), (5, 7), (5, 9), (5, 10), (5, 14), (5, 2), (5, 3), (5, 8), (5, 11), (5, 12), (5, 13), (5, 6), (6, 6), (6, 1), (6, 4), (6, 7), (6, 9), (6, 10), (6, 14), (6, 2), (6, 3), (6, 8), (6, 11), (6, 12), (6, 13), (6, 5), (7, 7), (7, 1), (7, 4), (7, 9), (7, 10), (7, 14), (8, 8), (8, 3), (8, 4), (8, 9), (8, 10), (8, 14), (9, 9), (9, 4), (9, 10), (9, 14), (10, 10), (10, 4), (10, 9), (10, 14), (11, 11), (11, 1), (11, 4), (11, 7), (11, 9), (11, 10), (11, 14), (11, 2), (11, 3), (11, 8), (11, 12), (11, 13), (12, 12), (12, 1), (12, 4), (12, 7), (12, 9), (12, 10), (12, 14), (12, 2), (12, 3), (12, 8), (12, 11), (12, 13), (13, 13), (13, 1), (13, 4), (13, 7), (13, 9), (13, 10), (13, 14), (13, 2), (13, 3), (13, 8), (13, 11), (13, 12), (14, 14), (14, 4), (14, 9), (14, 10)]

k value: 0
n (number of samples): 15
m (number of mutations): 4
EssILP calls: 195
Runtime: 26.092122316360474 seconds
Number of Nodes: 15
Essential Relation: [(0, 0), (0, 1), (0, 2), (0, 3), (0, 4), (0, 5), (0, 6), (0, 7), (0, 8), (0, 9), (0, 10), (0, 11), (0, 12), (0, 13), (0, 14), (1, 1), (1, 4), (1, 7), (1, 9), (1, 10), (1, 14), (2, 2), (2, 1), (2, 4), (2, 7), (2, 9), (2, 10), (2, 14), (2, 3), (2, 8), (2, 11), (2, 12), (2, 13), (3, 3), (3, 4), (3, 8), (3, 9), (3, 10), (3, 14), (4, 4), (4, 9), (4, 10), (4, 14), (5, 5), (5, 1), (5, 4), (5, 7), (5, 9), (5, 10), (5, 14), (5, 2), (5, 3), (5, 8), (5, 11), (5, 12), (5, 13), (5, 6), (6, 6), (6, 1), (6, 4), (6, 7), (6, 9), (6, 10), (6, 14), (6, 2), (6, 3), (6, 8), (6, 11), (6, 12), (6, 13), (6, 5), (7, 7), (7, 1), (7, 4), (7, 9), (7, 10), (7, 14), (8, 8), (8, 3), (8, 4), (8, 9), (8, 10), (8, 14), (9, 9), (9, 4), (9, 10), (9, 14), (10, 10), (10, 4), (10, 9), (10, 14), (11, 11), (11, 1), (11, 4), (11, 7), (11, 9), (11, 10), (11, 14), (11, 2), (11, 3), (11, 8), (11, 12), (11, 13), (12, 12), (12, 1), (12, 4), (12, 7), (12, 9), (12, 10), (12, 14), (12, 2), (12, 3), (12, 8), (12, 11), (12, 13), (13, 13), (13, 1), (13, 4), (13, 7), (13, 9), (13, 10), (13, 14), (13, 2), (13, 3), (13, 8), (13, 11), (13, 12), (14, 14), (14, 4), (14, 9), (14, 10)]

k value: 0
n (number of samples): 15
m (number of mutations): 4
EssILP calls: 195
Runtime: 24.27923083305359 seconds
Number of Nodes: 15
Essential Relation: [(0, 0), (0, 1), (0, 2), (0, 3), (0, 4), (0, 5), (0, 6), (0, 7), (0, 8), (0, 9), (0, 10), (0, 11), (0, 12), (0, 13), (0, 14), (1, 1), (1, 4), (1, 7), (1, 9), (1, 10), (1, 14), (2, 2), (2, 1), (2, 4), (2, 7), (2, 9), (2, 10), (2, 14), (2, 3), (2, 8), (2, 11), (2, 12), (2, 13), (3, 3), (3, 4), (3, 8), (3, 9), (3, 10), (3, 14), (4, 4), (4, 9), (4, 10), (4, 14), (5, 5), (5, 1), (5, 4), (5, 7), (5, 9), (5, 10), (5, 14), (5, 2), (5, 3), (5, 8), (5, 11), (5, 12), (5, 13), (5, 6), (6, 6), (6, 1), (6, 4), (6, 7), (6, 9), (6, 10), (6, 14), (6, 2), (6, 3), (6, 8), (6, 11), (6, 12), (6, 13), (6, 5), (7, 7), (7, 1), (7, 4), (7, 9), (7, 10), (7, 14), (8, 8), (8, 3), (8, 4), (8, 9), (8, 10), (8, 14), (9, 9), (9, 4), (9, 10), (9, 14), (10, 10), (10, 4), (10, 9), (10, 14), (11, 11), (11, 1), (11, 4), (11, 7), (11, 9), (11, 10), (11, 14), (11, 2), (11, 3), (11, 8), (11, 12), (11, 13), (12, 12), (12, 1), (12, 4), (12, 7), (12, 9), (12, 10), (12, 14), (12, 2), (12, 3), (12, 8), (12, 11), (12, 13), (13, 13), (13, 1), (13, 4), (13, 7), (13, 9), (13, 10), (13, 14), (13, 2), (13, 3), (13, 8), (13, 11), (13, 12), (14, 14), (14, 4), (14, 9), (14, 10)]

k value: 0
n (number of samples): 15
m (number of mutations): 4
EssILP calls: 195
Runtime: 26.64002275466919 seconds
Number of Nodes: 15
Essential Relation: [(0, 0), (0, 1), (0, 2), (0, 3), (0, 4), (0, 5), (0, 6), (0, 7), (0, 8), (0, 9), (0, 10), (0, 11), (0, 12), (0, 13), (0, 14), (1, 1), (1, 4), (1, 7), (1, 9), (1, 10), (1, 14), (2, 2), (2, 1), (2, 4), (2, 7), (2, 9), (2, 10), (2, 14), (2, 3), (2, 8), (2, 11), (2, 12), (2, 13), (3, 3), (3, 4), (3, 8), (3, 9), (3, 10), (3, 14), (4, 4), (4, 9), (4, 10), (4, 14), (5, 5), (5, 1), (5, 4), (5, 7), (5, 9), (5, 10), (5, 14), (5, 2), (5, 3), (5, 8), (5, 11), (5, 12), (5, 13), (5, 6), (6, 6), (6, 1), (6, 4), (6, 7), (6, 9), (6, 10), (6, 14), (6, 2), (6, 3), (6, 8), (6, 11), (6, 12), (6, 13), (6, 5), (7, 7), (7, 1), (7, 4), (7, 9), (7, 10), (7, 14), (8, 8), (8, 3), (8, 4), (8, 9), (8, 10), (8, 14), (9, 9), (9, 4), (9, 10), (9, 14), (10, 10), (10, 4), (10, 9), (10, 14), (11, 11), (11, 1), (11, 4), (11, 7), (11, 9), (11, 10), (11, 14), (11, 2), (11, 3), (11, 8), (11, 12), (11, 13), (12, 12), (12, 1), (12, 4), (12, 7), (12, 9), (12, 10), (12, 14), (12, 2), (12, 3), (12, 8), (12, 11), (12, 13), (13, 13), (13, 1), (13, 4), (13, 7), (13, 9), (13, 10), (13, 14), (13, 2), (13, 3), (13, 8), (13, 11), (13, 12), (14, 14), (14, 4), (14, 9), (14, 10)]

k value: 0
n (number of samples): 15
m (number of mutations): 4
EssILP calls: 195
Runtime: 26.21248459815979 seconds
Number of Nodes: 15
Essential Relation: [(0, 0), (0, 1), (0, 2), (0, 3), (0, 4), (0, 5), (0, 6), (0, 7), (0, 8), (0, 9), (0, 10), (0, 11), (0, 12), (0, 13), (0, 14), (1, 1), (1, 4), (1, 7), (1, 9), (1, 10), (1, 14), (2, 2), (2, 1), (2, 4), (2, 7), (2, 9), (2, 10), (2, 14), (2, 3), (2, 8), (2, 11), (2, 12), (2, 13), (3, 3), (3, 4), (3, 8), (3, 9), (3, 10), (3, 14), (4, 4), (4, 9), (4, 10), (4, 14), (5, 5), (5, 1), (5, 4), (5, 7), (5, 9), (5, 10), (5, 14), (5, 2), (5, 3), (5, 8), (5, 11), (5, 12), (5, 13), (5, 6), (6, 6), (6, 1), (6, 4), (6, 7), (6, 9), (6, 10), (6, 14), (6, 2), (6, 3), (6, 8), (6, 11), (6, 12), (6, 13), (6, 5), (7, 7), (7, 1), (7, 4), (7, 9), (7, 10), (7, 14), (8, 8), (8, 3), (8, 4), (8, 9), (8, 10), (8, 14), (9, 9), (9, 4), (9, 10), (9, 14), (10, 10), (10, 4), (10, 9), (10, 14), (11, 11), (11, 1), (11, 4), (11, 7), (11, 9), (11, 10), (11, 14), (11, 2), (11, 3), (11, 8), (11, 12), (11, 13), (12, 12), (12, 1), (12, 4), (12, 7), (12, 9), (12, 10), (12, 14), (12, 2), (12, 3), (12, 8), (12, 11), (12, 13), (13, 13), (13, 1), (13, 4), (13, 7), (13, 9), (13, 10), (13, 14), (13, 2), (13, 3), (13, 8), (13, 11), (13, 12), (14, 14), (14, 4), (14, 9), (14, 10)]

k value: 0
n (number of samples): 15
m (number of mutations): 4
EssILP calls: 195
Runtime: 25.57406997680664 seconds
Number of Nodes: 15
Essential Relation: [(0, 0), (0, 1), (0, 2), (0, 3), (0, 4), (0, 5), (0, 6), (0, 7), (0, 8), (0, 9), (0, 10), (0, 11), (0, 12), (0, 13), (0, 14), (1, 1), (1, 4), (1, 7), (1, 9), (1, 10), (1, 14), (2, 2), (2, 1), (2, 4), (2, 7), (2, 9), (2, 10), (2, 14), (2, 3), (2, 8), (2, 11), (2, 12), (2, 13), (3, 3), (3, 4), (3, 8), (3, 9), (3, 10), (3, 14), (4, 4), (4, 9), (4, 10), (4, 14), (5, 5), (5, 1), (5, 4), (5, 7), (5, 9), (5, 10), (5, 14), (5, 2), (5, 3), (5, 8), (5, 11), (5, 12), (5, 13), (5, 6), (6, 6), (6, 1), (6, 4), (6, 7), (6, 9), (6, 10), (6, 14), (6, 2), (6, 3), (6, 8), (6, 11), (6, 12), (6, 13), (6, 5), (7, 7), (7, 1), (7, 4), (7, 9), (7, 10), (7, 14), (8, 8), (8, 3), (8, 4), (8, 9), (8, 10), (8, 14), (9, 9), (9, 4), (9, 10), (9, 14), (10, 10), (10, 4), (10, 9), (10, 14), (11, 11), (11, 1), (11, 4), (11, 7), (11, 9), (11, 10), (11, 14), (11, 2), (11, 3), (11, 8), (11, 12), (11, 13), (12, 12), (12, 1), (12, 4), (12, 7), (12, 9), (12, 10), (12, 14), (12, 2), (12, 3), (12, 8), (12, 11), (12, 13), (13, 13), (13, 1), (13, 4), (13, 7), (13, 9), (13, 10), (13, 14), (13, 2), (13, 3), (13, 8), (13, 11), (13, 12), (14, 14), (14, 4), (14, 9), (14, 10)]

k value: 0
n (number of samples): 15
m (number of mutations): 4
EssILP calls: 195
Runtime: 25.87688946723938 seconds
Number of Nodes: 15
Essential Relation: [(0, 0), (0, 1), (0, 2), (0, 3), (0, 4), (0, 5), (0, 6), (0, 7), (0, 8), (0, 9), (0, 10), (0, 11), (0, 12), (0, 13), (0, 14), (1, 1), (1, 4), (1, 7), (1, 9), (1, 10), (1, 14), (2, 2), (2, 1), (2, 4), (2, 7), (2, 9), (2, 10), (2, 14), (2, 3), (2, 8), (2, 11), (2, 12), (2, 13), (3, 3), (3, 4), (3, 8), (3, 9), (3, 10), (3, 14), (4, 4), (4, 9), (4, 10), (4, 14), (5, 5), (5, 1), (5, 4), (5, 7), (5, 9), (5, 10), (5, 14), (5, 2), (5, 3), (5, 8), (5, 11), (5, 12), (5, 13), (5, 6), (6, 6), (6, 1), (6, 4), (6, 7), (6, 9), (6, 10), (6, 14), (6, 2), (6, 3), (6, 8), (6, 11), (6, 12), (6, 13), (6, 5), (7, 7), (7, 1), (7, 4), (7, 9), (7, 10), (7, 14), (8, 8), (8, 3), (8, 4), (8, 9), (8, 10), (8, 14), (9, 9), (9, 4), (9, 10), (9, 14), (10, 10), (10, 4), (10, 9), (10, 14), (11, 11), (11, 1), (11, 4), (11, 7), (11, 9), (11, 10), (11, 14), (11, 2), (11, 3), (11, 8), (11, 12), (11, 13), (12, 12), (12, 1), (12, 4), (12, 7), (12, 9), (12, 10), (12, 14), (12, 2), (12, 3), (12, 8), (12, 11), (12, 13), (13, 13), (13, 1), (13, 4), (13, 7), (13, 9), (13, 10), (13, 14), (13, 2), (13, 3), (13, 8), (13, 11), (13, 12), (14, 14), (14, 4), (14, 9), (14, 10)]

k value: 0
n (number of samples): 15
m (number of mutations): 4
EssILP calls: 195
Runtime: 25.741174697875977 seconds
Number of Nodes: 15
Essential Relation: [(0, 0), (0, 1), (0, 2), (0, 3), (0, 4), (0, 5), (0, 6), (0, 7), (0, 8), (0, 9), (0, 10), (0, 11), (0, 12), (0, 13), (0, 14), (1, 1), (1, 4), (1, 7), (1, 9), (1, 10), (1, 14), (2, 2), (2, 1), (2, 4), (2, 7), (2, 9), (2, 10), (2, 14), (2, 3), (2, 8), (2, 11), (2, 12), (2, 13), (3, 3), (3, 4), (3, 8), (3, 9), (3, 10), (3, 14), (4, 4), (4, 9), (4, 10), (4, 14), (5, 5), (5, 1), (5, 4), (5, 7), (5, 9), (5, 10), (5, 14), (5, 2), (5, 3), (5, 8), (5, 11), (5, 12), (5, 13), (5, 6), (6, 6), (6, 1), (6, 4), (6, 7), (6, 9), (6, 10), (6, 14), (6, 2), (6, 3), (6, 8), (6, 11), (6, 12), (6, 13), (6, 5), (7, 7), (7, 1), (7, 4), (7, 9), (7, 10), (7, 14), (8, 8), (8, 3), (8, 4), (8, 9), (8, 10), (8, 14), (9, 9), (9, 4), (9, 10), (9, 14), (10, 10), (10, 4), (10, 9), (10, 14), (11, 11), (11, 1), (11, 4), (11, 7), (11, 9), (11, 10), (11, 14), (11, 2), (11, 3), (11, 8), (11, 12), (11, 13), (12, 12), (12, 1), (12, 4), (12, 7), (12, 9), (12, 10), (12, 14), (12, 2), (12, 3), (12, 8), (12, 11), (12, 13), (13, 13), (13, 1), (13, 4), (13, 7), (13, 9), (13, 10), (13, 14), (13, 2), (13, 3), (13, 8), (13, 11), (13, 12), (14, 14), (14, 4), (14, 9), (14, 10)]

k value: 0
n (number of samples): 15
m (number of mutations): 4
EssILP calls: 195
Runtime: 26.114184141159058 seconds
Number of Nodes: 15
Essential Relation: [(0, 0), (0, 1), (0, 2), (0, 3), (0, 4), (0, 5), (0, 6), (0, 7), (0, 8), (0, 9), (0, 10), (0, 11), (0, 12), (0, 13), (0, 14), (1, 1), (1, 4), (1, 7), (1, 9), (1, 10), (1, 14), (2, 2), (2, 1), (2, 4), (2, 7), (2, 9), (2, 10), (2, 14), (2, 3), (2, 8), (2, 11), (2, 12), (2, 13), (3, 3), (3, 4), (3, 8), (3, 9), (3, 10), (3, 14), (4, 4), (4, 9), (4, 10), (4, 14), (5, 5), (5, 1), (5, 4), (5, 7), (5, 9), (5, 10), (5, 14), (5, 2), (5, 3), (5, 8), (5, 11), (5, 12), (5, 13), (5, 6), (6, 6), (6, 1), (6, 4), (6, 7), (6, 9), (6, 10), (6, 14), (6, 2), (6, 3), (6, 8), (6, 11), (6, 12), (6, 13), (6, 5), (7, 7), (7, 1), (7, 4), (7, 9), (7, 10), (7, 14), (8, 8), (8, 3), (8, 4), (8, 9), (8, 10), (8, 14), (9, 9), (9, 4), (9, 10), (9, 14), (10, 10), (10, 4), (10, 9), (10, 14), (11, 11), (11, 1), (11, 4), (11, 7), (11, 9), (11, 10), (11, 14), (11, 2), (11, 3), (11, 8), (11, 12), (11, 13), (12, 12), (12, 1), (12, 4), (12, 7), (12, 9), (12, 10), (12, 14), (12, 2), (12, 3), (12, 8), (12, 11), (12, 13), (13, 13), (13, 1), (13, 4), (13, 7), (13, 9), (13, 10), (13, 14), (13, 2), (13, 3), (13, 8), (13, 11), (13, 12), (14, 14), (14, 4), (14, 9), (14, 10)]

k value: 0
n (number of samples): 15
m (number of mutations): 4
EssILP calls: 195
Runtime: 27.749122858047485 seconds
Number of Nodes: 15
Essential Relation: [(0, 0), (0, 1), (0, 2), (0, 3), (0, 4), (0, 5), (0, 6), (0, 7), (0, 8), (0, 9), (0, 10), (0, 11), (0, 12), (0, 13), (0, 14), (1, 1), (1, 4), (1, 7), (1, 9), (1, 10), (1, 14), (2, 2), (2, 1), (2, 4), (2, 7), (2, 9), (2, 10), (2, 14), (2, 3), (2, 8), (2, 11), (2, 12), (2, 13), (3, 3), (3, 4), (3, 8), (3, 9), (3, 10), (3, 14), (4, 4), (4, 9), (4, 10), (4, 14), (5, 5), (5, 1), (5, 4), (5, 7), (5, 9), (5, 10), (5, 14), (5, 2), (5, 3), (5, 8), (5, 11), (5, 12), (5, 13), (5, 6), (6, 6), (6, 1), (6, 4), (6, 7), (6, 9), (6, 10), (6, 14), (6, 2), (6, 3), (6, 8), (6, 11), (6, 12), (6, 13), (6, 5), (7, 7), (7, 1), (7, 4), (7, 9), (7, 10), (7, 14), (8, 8), (8, 3), (8, 4), (8, 9), (8, 10), (8, 14), (9, 9), (9, 4), (9, 10), (9, 14), (10, 10), (10, 4), (10, 9), (10, 14), (11, 11), (11, 1), (11, 4), (11, 7), (11, 9), (11, 10), (11, 14), (11, 2), (11, 3), (11, 8), (11, 12), (11, 13), (12, 12), (12, 1), (12, 4), (12, 7), (12, 9), (12, 10), (12, 14), (12, 2), (12, 3), (12, 8), (12, 11), (12, 13), (13, 13), (13, 1), (13, 4), (13, 7), (13, 9), (13, 10), (13, 14), (13, 2), (13, 3), (13, 8), (13, 11), (13, 12), (14, 14), (14, 4), (14, 9), (14, 10)]

k value: 0
n (number of samples): 15
m (number of mutations): 4
EssILP calls: 195
Runtime: 31.66834855079651 seconds
Number of Nodes: 15
Essential Relation: [(0, 0), (0, 1), (0, 2), (0, 3), (0, 4), (0, 5), (0, 6), (0, 7), (0, 8), (0, 9), (0, 10), (0, 11), (0, 12), (0, 13), (0, 14), (1, 1), (1, 4), (1, 7), (1, 9), (1, 10), (1, 14), (2, 2), (2, 1), (2, 4), (2, 7), (2, 9), (2, 10), (2, 14), (2, 3), (2, 8), (2, 11), (2, 12), (2, 13), (3, 3), (3, 4), (3, 8), (3, 9), (3, 10), (3, 14), (4, 4), (4, 9), (4, 10), (4, 14), (5, 5), (5, 1), (5, 4), (5, 7), (5, 9), (5, 10), (5, 14), (5, 2), (5, 3), (5, 8), (5, 11), (5, 12), (5, 13), (5, 6), (6, 6), (6, 1), (6, 4), (6, 7), (6, 9), (6, 10), (6, 14), (6, 2), (6, 3), (6, 8), (6, 11), (6, 12), (6, 13), (6, 5), (7, 7), (7, 1), (7, 4), (7, 9), (7, 10), (7, 14), (8, 8), (8, 3), (8, 4), (8, 9), (8, 10), (8, 14), (9, 9), (9, 4), (9, 10), (9, 14), (10, 10), (10, 4), (10, 9), (10, 14), (11, 11), (11, 1), (11, 4), (11, 7), (11, 9), (11, 10), (11, 14), (11, 2), (11, 3), (11, 8), (11, 12), (11, 13), (12, 12), (12, 1), (12, 4), (12, 7), (12, 9), (12, 10), (12, 14), (12, 2), (12, 3), (12, 8), (12, 11), (12, 13), (13, 13), (13, 1), (13, 4), (13, 7), (13, 9), (13, 10), (13, 14), (13, 2), (13, 3), (13, 8), (13, 11), (13, 12), (14, 14), (14, 4), (14, 9), (14, 10)]

k value: 0
n (number of samples): 15
m (number of mutations): 4
EssILP calls: 195
Runtime: 33.93118667602539 seconds
Number of Nodes: 15
Essential Relation: [(0, 0), (0, 1), (0, 2), (0, 3), (0, 4), (0, 5), (0, 6), (0, 7), (0, 8), (0, 9), (0, 10), (0, 11), (0, 12), (0, 13), (0, 14), (1, 1), (1, 4), (1, 7), (1, 9), (1, 10), (1, 14), (2, 2), (2, 1), (2, 4), (2, 7), (2, 9), (2, 10), (2, 14), (2, 3), (2, 8), (2, 11), (2, 12), (2, 13), (3, 3), (3, 4), (3, 8), (3, 9), (3, 10), (3, 14), (4, 4), (4, 9), (4, 10), (4, 14), (5, 5), (5, 1), (5, 4), (5, 7), (5, 9), (5, 10), (5, 14), (5, 2), (5, 3), (5, 8), (5, 11), (5, 12), (5, 13), (5, 6), (6, 6), (6, 1), (6, 4), (6, 7), (6, 9), (6, 10), (6, 14), (6, 2), (6, 3), (6, 8), (6, 11), (6, 12), (6, 13), (6, 5), (7, 7), (7, 1), (7, 4), (7, 9), (7, 10), (7, 14), (8, 8), (8, 3), (8, 4), (8, 9), (8, 10), (8, 14), (9, 9), (9, 4), (9, 10), (9, 14), (10, 10), (10, 4), (10, 9), (10, 14), (11, 11), (11, 1), (11, 4), (11, 7), (11, 9), (11, 10), (11, 14), (11, 2), (11, 3), (11, 8), (11, 12), (11, 13), (12, 12), (12, 1), (12, 4), (12, 7), (12, 9), (12, 10), (12, 14), (12, 2), (12, 3), (12, 8), (12, 11), (12, 13), (13, 13), (13, 1), (13, 4), (13, 7), (13, 9), (13, 10), (13, 14), (13, 2), (13, 3), (13, 8), (13, 11), (13, 12), (14, 14), (14, 4), (14, 9), (14, 10)]

k value: 0
n (number of samples): 15
m (number of mutations): 4
EssILP calls: 195
Runtime: 33.96756172180176 seconds
Number of Nodes: 15
Essential Relation: [(0, 0), (0, 1), (0, 2), (0, 3), (0, 4), (0, 5), (0, 6), (0, 7), (0, 8), (0, 9), (0, 10), (0, 11), (0, 12), (0, 13), (0, 14), (1, 1), (1, 4), (1, 7), (1, 9), (1, 10), (1, 14), (2, 2), (2, 1), (2, 4), (2, 7), (2, 9), (2, 10), (2, 14), (2, 3), (2, 8), (2, 11), (2, 12), (2, 13), (3, 3), (3, 4), (3, 8), (3, 9), (3, 10), (3, 14), (4, 4), (4, 9), (4, 10), (4, 14), (5, 5), (5, 1), (5, 4), (5, 7), (5, 9), (5, 10), (5, 14), (5, 2), (5, 3), (5, 8), (5, 11), (5, 12), (5, 13), (5, 6), (6, 6), (6, 1), (6, 4), (6, 7), (6, 9), (6, 10), (6, 14), (6, 2), (6, 3), (6, 8), (6, 11), (6, 12), (6, 13), (6, 5), (7, 7), (7, 1), (7, 4), (7, 9), (7, 10), (7, 14), (8, 8), (8, 3), (8, 4), (8, 9), (8, 10), (8, 14), (9, 9), (9, 4), (9, 10), (9, 14), (10, 10), (10, 4), (10, 9), (10, 14), (11, 11), (11, 1), (11, 4), (11, 7), (11, 9), (11, 10), (11, 14), (11, 2), (11, 3), (11, 8), (11, 12), (11, 13), (12, 12), (12, 1), (12, 4), (12, 7), (12, 9), (12, 10), (12, 14), (12, 2), (12, 3), (12, 8), (12, 11), (12, 13), (13, 13), (13, 1), (13, 4), (13, 7), (13, 9), (13, 10), (13, 14), (13, 2), (13, 3), (13, 8), (13, 11), (13, 12), (14, 14), (14, 4), (14, 9), (14, 10)]

k value: 0
n (number of samples): 15
m (number of mutations): 4
EssILP calls: 195
Runtime: 28.32854127883911 seconds
Number of Nodes: 15
Essential Relation: [(0, 0), (0, 1), (0, 2), (0, 3), (0, 4), (0, 5), (0, 6), (0, 7), (0, 8), (0, 9), (0, 10), (0, 11), (0, 12), (0, 13), (0, 14), (1, 1), (1, 4), (1, 7), (1, 9), (1, 10), (1, 14), (2, 2), (2, 1), (2, 4), (2, 7), (2, 9), (2, 10), (2, 14), (2, 3), (2, 8), (2, 11), (2, 12), (2, 13), (3, 3), (3, 4), (3, 8), (3, 9), (3, 10), (3, 14), (4, 4), (4, 9), (4, 10), (4, 14), (5, 5), (5, 1), (5, 4), (5, 7), (5, 9), (5, 10), (5, 14), (5, 2), (5, 3), (5, 8), (5, 11), (5, 12), (5, 13), (5, 6), (6, 6), (6, 1), (6, 4), (6, 7), (6, 9), (6, 10), (6, 14), (6, 2), (6, 3), (6, 8), (6, 11), (6, 12), (6, 13), (6, 5), (7, 7), (7, 1), (7, 4), (7, 9), (7, 10), (7, 14), (8, 8), (8, 3), (8, 4), (8, 9), (8, 10), (8, 14), (9, 9), (9, 4), (9, 10), (9, 14), (10, 10), (10, 4), (10, 9), (10, 14), (11, 11), (11, 1), (11, 4), (11, 7), (11, 9), (11, 10), (11, 14), (11, 2), (11, 3), (11, 8), (11, 12), (11, 13), (12, 12), (12, 1), (12, 4), (12, 7), (12, 9), (12, 10), (12, 14), (12, 2), (12, 3), (12, 8), (12, 11), (12, 13), (13, 13), (13, 1), (13, 4), (13, 7), (13, 9), (13, 10), (13, 14), (13, 2), (13, 3), (13, 8), (13, 11), (13, 12), (14, 14), (14, 4), (14, 9), (14, 10)]

k value: 0
n (number of samples): 15
m (number of mutations): 4
EssILP calls: 195
Runtime: 61.120765924453735 seconds
Number of Nodes: 15
Essential Relation: [(0, 0), (0, 1), (0, 2), (0, 3), (0, 4), (0, 5), (0, 6), (0, 7), (0, 8), (0, 9), (0, 10), (0, 11), (0, 12), (0, 13), (0, 14), (1, 1), (1, 4), (1, 7), (1, 9), (1, 10), (1, 14), (2, 2), (2, 1), (2, 4), (2, 7), (2, 9), (2, 10), (2, 14), (2, 3), (2, 8), (2, 11), (2, 12), (2, 13), (3, 3), (3, 4), (3, 8), (3, 9), (3, 10), (3, 14), (4, 4), (4, 9), (4, 10), (4, 14), (5, 5), (5, 1), (5, 4), (5, 7), (5, 9), (5, 10), (5, 14), (5, 2), (5, 3), (5, 8), (5, 11), (5, 12), (5, 13), (5, 6), (6, 6), (6, 1), (6, 4), (6, 7), (6, 9), (6, 10), (6, 14), (6, 2), (6, 3), (6, 8), (6, 11), (6, 12), (6, 13), (6, 5), (7, 7), (7, 1), (7, 4), (7, 9), (7, 10), (7, 14), (8, 8), (8, 3), (8, 4), (8, 9), (8, 10), (8, 14), (9, 9), (9, 4), (9, 10), (9, 14), (10, 10), (10, 4), (10, 9), (10, 14), (11, 11), (11, 1), (11, 4), (11, 7), (11, 9), (11, 10), (11, 14), (11, 2), (11, 3), (11, 8), (11, 12), (11, 13), (12, 12), (12, 1), (12, 4), (12, 7), (12, 9), (12, 10), (12, 14), (12, 2), (12, 3), (12, 8), (12, 11), (12, 13), (13, 13), (13, 1), (13, 4), (13, 7), (13, 9), (13, 10), (13, 14), (13, 2), (13, 3), (13, 8), (13, 11), (13, 12), (14, 14), (14, 4), (14, 9), (14, 10)]

k value: 0
n (number of samples): 15
m (number of mutations): 4
EssILP calls: 195
Runtime: 30.789268493652344 seconds
Number of Nodes: 15
Essential Relation: [(0, 0), (0, 1), (0, 2), (0, 3), (0, 4), (0, 5), (0, 6), (0, 7), (0, 8), (0, 9), (0, 10), (0, 11), (0, 12), (0, 13), (0, 14), (1, 1), (1, 4), (1, 7), (1, 9), (1, 10), (1, 14), (2, 2), (2, 1), (2, 4), (2, 7), (2, 9), (2, 10), (2, 14), (2, 3), (2, 8), (2, 11), (2, 12), (2, 13), (3, 3), (3, 4), (3, 8), (3, 9), (3, 10), (3, 14), (4, 4), (4, 9), (4, 10), (4, 14), (5, 5), (5, 1), (5, 4), (5, 7), (5, 9), (5, 10), (5, 14), (5, 2), (5, 3), (5, 8), (5, 11), (5, 12), (5, 13), (5, 6), (6, 6), (6, 1), (6, 4), (6, 7), (6, 9), (6, 10), (6, 14), (6, 2), (6, 3), (6, 8), (6, 11), (6, 12), (6, 13), (6, 5), (7, 7), (7, 1), (7, 4), (7, 9), (7, 10), (7, 14), (8, 8), (8, 3), (8, 4), (8, 9), (8, 10), (8, 14), (9, 9), (9, 4), (9, 10), (9, 14), (10, 10), (10, 4), (10, 9), (10, 14), (11, 11), (11, 1), (11, 4), (11, 7), (11, 9), (11, 10), (11, 14), (11, 2), (11, 3), (11, 8), (11, 12), (11, 13), (12, 12), (12, 1), (12, 4), (12, 7), (12, 9), (12, 10), (12, 14), (12, 2), (12, 3), (12, 8), (12, 11), (12, 13), (13, 13), (13, 1), (13, 4), (13, 7), (13, 9), (13, 10), (13, 14), (13, 2), (13, 3), (13, 8), (13, 11), (13, 12), (14, 14), (14, 4), (14, 9), (14, 10)]

k value: 0
n (number of samples): 15
m (number of mutations): 4
EssILP calls: 195
Runtime: 26.07876753807068 seconds
Number of Nodes: 15
Essential Relation: [(0, 0), (0, 1), (0, 2), (0, 3), (0, 4), (0, 5), (0, 6), (0, 7), (0, 8), (0, 9), (0, 10), (0, 11), (0, 12), (0, 13), (0, 14), (1, 1), (1, 4), (1, 7), (1, 9), (1, 10), (1, 14), (2, 2), (2, 1), (2, 4), (2, 7), (2, 9), (2, 10), (2, 14), (2, 3), (2, 8), (2, 11), (2, 12), (2, 13), (3, 3), (3, 4), (3, 8), (3, 9), (3, 10), (3, 14), (4, 4), (4, 9), (4, 10), (4, 14), (5, 5), (5, 1), (5, 4), (5, 7), (5, 9), (5, 10), (5, 14), (5, 2), (5, 3), (5, 8), (5, 11), (5, 12), (5, 13), (5, 6), (6, 6), (6, 1), (6, 4), (6, 7), (6, 9), (6, 10), (6, 14), (6, 2), (6, 3), (6, 8), (6, 11), (6, 12), (6, 13), (6, 5), (7, 7), (7, 1), (7, 4), (7, 9), (7, 10), (7, 14), (8, 8), (8, 3), (8, 4), (8, 9), (8, 10), (8, 14), (9, 9), (9, 4), (9, 10), (9, 14), (10, 10), (10, 4), (10, 9), (10, 14), (11, 11), (11, 1), (11, 4), (11, 7), (11, 9), (11, 10), (11, 14), (11, 2), (11, 3), (11, 8), (11, 12), (11, 13), (12, 12), (12, 1), (12, 4), (12, 7), (12, 9), (12, 10), (12, 14), (12, 2), (12, 3), (12, 8), (12, 11), (12, 13), (13, 13), (13, 1), (13, 4), (13, 7), (13, 9), (13, 10), (13, 14), (13, 2), (13, 3), (13, 8), (13, 11), (13, 12), (14, 14), (14, 4), (14, 9), (14, 10)]

k value: 0
n (number of samples): 15
m (number of mutations): 4
EssILP calls: 195
Runtime: 26.75793981552124 seconds
Number of Nodes: 15
Essential Relation: [(0, 0), (0, 1), (0, 2), (0, 3), (0, 4), (0, 5), (0, 6), (0, 7), (0, 8), (0, 9), (0, 10), (0, 11), (0, 12), (0, 13), (0, 14), (1, 1), (1, 4), (1, 7), (1, 9), (1, 10), (1, 14), (2, 2), (2, 1), (2, 4), (2, 7), (2, 9), (2, 10), (2, 14), (2, 3), (2, 8), (2, 11), (2, 12), (2, 13), (3, 3), (3, 4), (3, 8), (3, 9), (3, 10), (3, 14), (4, 4), (4, 9), (4, 10), (4, 14), (5, 5), (5, 1), (5, 4), (5, 7), (5, 9), (5, 10), (5, 14), (5, 2), (5, 3), (5, 8), (5, 11), (5, 12), (5, 13), (5, 6), (6, 6), (6, 1), (6, 4), (6, 7), (6, 9), (6, 10), (6, 14), (6, 2), (6, 3), (6, 8), (6, 11), (6, 12), (6, 13), (6, 5), (7, 7), (7, 1), (7, 4), (7, 9), (7, 10), (7, 14), (8, 8), (8, 3), (8, 4), (8, 9), (8, 10), (8, 14), (9, 9), (9, 4), (9, 10), (9, 14), (10, 10), (10, 4), (10, 9), (10, 14), (11, 11), (11, 1), (11, 4), (11, 7), (11, 9), (11, 10), (11, 14), (11, 2), (11, 3), (11, 8), (11, 12), (11, 13), (12, 12), (12, 1), (12, 4), (12, 7), (12, 9), (12, 10), (12, 14), (12, 2), (12, 3), (12, 8), (12, 11), (12, 13), (13, 13), (13, 1), (13, 4), (13, 7), (13, 9), (13, 10), (13, 14), (13, 2), (13, 3), (13, 8), (13, 11), (13, 12), (14, 14), (14, 4), (14, 9), (14, 10)]

k value: 0
n (number of samples): 15
m (number of mutations): 4
EssILP calls: 195
Runtime: 25.707072257995605 seconds
Number of Nodes: 15
Essential Relation: [(0, 0), (0, 1), (0, 2), (0, 3), (0, 4), (0, 5), (0, 6), (0, 7), (0, 8), (0, 9), (0, 10), (0, 11), (0, 12), (0, 13), (0, 14), (1, 1), (1, 4), (1, 7), (1, 9), (1, 10), (1, 14), (2, 2), (2, 1), (2, 4), (2, 7), (2, 9), (2, 10), (2, 14), (2, 3), (2, 8), (2, 11), (2, 12), (2, 13), (3, 3), (3, 4), (3, 8), (3, 9), (3, 10), (3, 14), (4, 4), (4, 9), (4, 10), (4, 14), (5, 5), (5, 1), (5, 4), (5, 7), (5, 9), (5, 10), (5, 14), (5, 2), (5, 3), (5, 8), (5, 11), (5, 12), (5, 13), (5, 6), (6, 6), (6, 1), (6, 4), (6, 7), (6, 9), (6, 10), (6, 14), (6, 2), (6, 3), (6, 8), (6, 11), (6, 12), (6, 13), (6, 5), (7, 7), (7, 1), (7, 4), (7, 9), (7, 10), (7, 14), (8, 8), (8, 3), (8, 4), (8, 9), (8, 10), (8, 14), (9, 9), (9, 4), (9, 10), (9, 14), (10, 10), (10, 4), (10, 9), (10, 14), (11, 11), (11, 1), (11, 4), (11, 7), (11, 9), (11, 10), (11, 14), (11, 2), (11, 3), (11, 8), (11, 12), (11, 13), (12, 12), (12, 1), (12, 4), (12, 7), (12, 9), (12, 10), (12, 14), (12, 2), (12, 3), (12, 8), (12, 11), (12, 13), (13, 13), (13, 1), (13, 4), (13, 7), (13, 9), (13, 10), (13, 14), (13, 2), (13, 3), (13, 8), (13, 11), (13, 12), (14, 14), (14, 4), (14, 9), (14, 10)]

k value: 0
n (number of samples): 15
m (number of mutations): 4
EssILP calls: 195
Runtime: 25.894857168197632 seconds
Number of Nodes: 15
Essential Relation: [(0, 0), (0, 1), (0, 2), (0, 3), (0, 4), (0, 5), (0, 6), (0, 7), (0, 8), (0, 9), (0, 10), (0, 11), (0, 12), (0, 13), (0, 14), (1, 1), (1, 4), (1, 7), (1, 9), (1, 10), (1, 14), (2, 2), (2, 1), (2, 4), (2, 7), (2, 9), (2, 10), (2, 14), (2, 3), (2, 8), (2, 11), (2, 12), (2, 13), (3, 3), (3, 4), (3, 8), (3, 9), (3, 10), (3, 14), (4, 4), (4, 9), (4, 10), (4, 14), (5, 5), (5, 1), (5, 4), (5, 7), (5, 9), (5, 10), (5, 14), (5, 2), (5, 3), (5, 8), (5, 11), (5, 12), (5, 13), (5, 6), (6, 6), (6, 1), (6, 4), (6, 7), (6, 9), (6, 10), (6, 14), (6, 2), (6, 3), (6, 8), (6, 11), (6, 12), (6, 13), (6, 5), (7, 7), (7, 1), (7, 4), (7, 9), (7, 10), (7, 14), (8, 8), (8, 3), (8, 4), (8, 9), (8, 10), (8, 14), (9, 9), (9, 4), (9, 10), (9, 14), (10, 10), (10, 4), (10, 9), (10, 14), (11, 11), (11, 1), (11, 4), (11, 7), (11, 9), (11, 10), (11, 14), (11, 2), (11, 3), (11, 8), (11, 12), (11, 13), (12, 12), (12, 1), (12, 4), (12, 7), (12, 9), (12, 10), (12, 14), (12, 2), (12, 3), (12, 8), (12, 11), (12, 13), (13, 13), (13, 1), (13, 4), (13, 7), (13, 9), (13, 10), (13, 14), (13, 2), (13, 3), (13, 8), (13, 11), (13, 12), (14, 14), (14, 4), (14, 9), (14, 10)]

k value: 0
n (number of samples): 15
m (number of mutations): 4
EssILP calls: 195
Runtime: 35.292115211486816 seconds
Number of Nodes: 15
Essential Relation: [(0, 0), (0, 1), (0, 2), (0, 3), (0, 4), (0, 5), (0, 6), (0, 7), (0, 8), (0, 9), (0, 10), (0, 11), (0, 12), (0, 13), (0, 14), (1, 1), (1, 4), (1, 7), (1, 9), (1, 10), (1, 14), (2, 2), (2, 1), (2, 4), (2, 7), (2, 9), (2, 10), (2, 14), (2, 3), (2, 8), (2, 11), (2, 12), (2, 13), (3, 3), (3, 4), (3, 8), (3, 9), (3, 10), (3, 14), (4, 4), (4, 9), (4, 10), (4, 14), (5, 5), (5, 1), (5, 4), (5, 7), (5, 9), (5, 10), (5, 14), (5, 2), (5, 3), (5, 8), (5, 11), (5, 12), (5, 13), (5, 6), (6, 6), (6, 1), (6, 4), (6, 7), (6, 9), (6, 10), (6, 14), (6, 2), (6, 3), (6, 8), (6, 11), (6, 12), (6, 13), (6, 5), (7, 7), (7, 1), (7, 4), (7, 9), (7, 10), (7, 14), (8, 8), (8, 3), (8, 4), (8, 9), (8, 10), (8, 14), (9, 9), (9, 4), (9, 10), (9, 14), (10, 10), (10, 4), (10, 9), (10, 14), (11, 11), (11, 1), (11, 4), (11, 7), (11, 9), (11, 10), (11, 14), (11, 2), (11, 3), (11, 8), (11, 12), (11, 13), (12, 12), (12, 1), (12, 4), (12, 7), (12, 9), (12, 10), (12, 14), (12, 2), (12, 3), (12, 8), (12, 11), (12, 13), (13, 13), (13, 1), (13, 4), (13, 7), (13, 9), (13, 10), (13, 14), (13, 2), (13, 3), (13, 8), (13, 11), (13, 12), (14, 14), (14, 4), (14, 9), (14, 10)]

k value: 0
n (number of samples): 15
m (number of mutations): 4
EssILP calls: 195
Runtime: 25.06884789466858 seconds
Number of Nodes: 15
Essential Relation: [(0, 0), (0, 1), (0, 2), (0, 3), (0, 4), (0, 5), (0, 6), (0, 7), (0, 8), (0, 9), (0, 10), (0, 11), (0, 12), (0, 13), (0, 14), (1, 1), (1, 4), (1, 7), (1, 9), (1, 10), (1, 14), (2, 2), (2, 1), (2, 4), (2, 7), (2, 9), (2, 10), (2, 14), (2, 3), (2, 8), (2, 11), (2, 12), (2, 13), (3, 3), (3, 4), (3, 8), (3, 9), (3, 10), (3, 14), (4, 4), (4, 9), (4, 10), (4, 14), (5, 5), (5, 1), (5, 4), (5, 7), (5, 9), (5, 10), (5, 14), (5, 2), (5, 3), (5, 8), (5, 11), (5, 12), (5, 13), (5, 6), (6, 6), (6, 1), (6, 4), (6, 7), (6, 9), (6, 10), (6, 14), (6, 2), (6, 3), (6, 8), (6, 11), (6, 12), (6, 13), (6, 5), (7, 7), (7, 1), (7, 4), (7, 9), (7, 10), (7, 14), (8, 8), (8, 3), (8, 4), (8, 9), (8, 10), (8, 14), (9, 9), (9, 4), (9, 10), (9, 14), (10, 10), (10, 4), (10, 9), (10, 14), (11, 11), (11, 1), (11, 4), (11, 7), (11, 9), (11, 10), (11, 14), (11, 2), (11, 3), (11, 8), (11, 12), (11, 13), (12, 12), (12, 1), (12, 4), (12, 7), (12, 9), (12, 10), (12, 14), (12, 2), (12, 3), (12, 8), (12, 11), (12, 13), (13, 13), (13, 1), (13, 4), (13, 7), (13, 9), (13, 10), (13, 14), (13, 2), (13, 3), (13, 8), (13, 11), (13, 12), (14, 14), (14, 4), (14, 9), (14, 10)]

