k value: 2
n (number of samples): 15
m (number of mutations): 4
EssILP calls: 178
Runtime: 25.1348659992218 seconds
Number of Nodes: 15
Essential Relation: [(0, 0), (0, 1), (0, 2), (0, 3), (0, 4), (0, 5), (0, 6), (0, 7), (0, 8), (0, 9), (0, 10), (0, 11), (0, 12), (0, 13), (0, 14), (1, 1), (1, 0), (1, 2), (1, 3), (1, 4), (1, 5), (1, 6), (1, 7), (1, 8), (1, 9), (1, 10), (1, 11), (1, 12), (1, 13), (1, 14), (2, 2), (2, 3), (2, 4), (2, 8), (2, 9), (2, 10), (2, 11), (2, 12), (2, 13), (2, 14), (3, 3), (3, 4), (3, 8), (3, 9), (3, 10), (3, 14), (4, 4), (4, 9), (4, 10), (4, 14), (5, 5), (5, 2), (5, 3), (5, 4), (5, 8), (5, 9), (5, 10), (5, 11), (5, 12), (5, 13), (5, 14), (5, 6), (5, 7), (6, 6), (6, 2), (6, 3), (6, 4), (6, 8), (6, 9), (6, 10), (6, 11), (6, 12), (6, 13), (6, 14), (6, 5), (6, 7), (7, 7), (7, 2), (7, 3), (7, 4), (7, 8), (7, 9), (7, 10), (7, 11), (7, 12), (7, 13), (7, 14), (7, 5), (7, 6), (8, 8), (8, 3), (8, 4), (8, 9), (8, 10), (8, 14), (9, 9), (9, 4), (9, 10), (9, 14), (10, 10), (10, 4), (10, 9), (10, 14), (11, 11), (11, 2), (11, 3), (11, 4), (11, 8), (11, 9), (11, 10), (11, 12), (11, 13), (11, 14), (12, 12), (12, 2), (12, 3), (12, 4), (12, 8), (12, 9), (12, 10), (12, 11), (12, 13), (12, 14), (13, 13), (13, 2), (13, 3), (13, 4), (13, 8), (13, 9), (13, 10), (13, 11), (13, 12), (13, 14), (14, 14), (14, 4), (14, 9), (14, 10)]

k value: 2
n (number of samples): 15
m (number of mutations): 4
EssILP calls: 178
Runtime: 25.004801988601685 seconds
Number of Nodes: 15
Essential Relation: [(0, 0), (0, 1), (0, 2), (0, 3), (0, 4), (0, 5), (0, 6), (0, 7), (0, 8), (0, 9), (0, 10), (0, 11), (0, 12), (0, 13), (0, 14), (1, 1), (1, 0), (1, 2), (1, 3), (1, 4), (1, 5), (1, 6), (1, 7), (1, 8), (1, 9), (1, 10), (1, 11), (1, 12), (1, 13), (1, 14), (2, 2), (2, 3), (2, 4), (2, 8), (2, 9), (2, 10), (2, 11), (2, 12), (2, 13), (2, 14), (3, 3), (3, 4), (3, 8), (3, 9), (3, 10), (3, 14), (4, 4), (4, 9), (4, 10), (4, 14), (5, 5), (5, 2), (5, 3), (5, 4), (5, 8), (5, 9), (5, 10), (5, 11), (5, 12), (5, 13), (5, 14), (5, 6), (5, 7), (6, 6), (6, 2), (6, 3), (6, 4), (6, 8), (6, 9), (6, 10), (6, 11), (6, 12), (6, 13), (6, 14), (6, 5), (6, 7), (7, 7), (7, 2), (7, 3), (7, 4), (7, 8), (7, 9), (7, 10), (7, 11), (7, 12), (7, 13), (7, 14), (7, 5), (7, 6), (8, 8), (8, 3), (8, 4), (8, 9), (8, 10), (8, 14), (9, 9), (9, 4), (9, 10), (9, 14), (10, 10), (10, 4), (10, 9), (10, 14), (11, 11), (11, 2), (11, 3), (11, 4), (11, 8), (11, 9), (11, 10), (11, 12), (11, 13), (11, 14), (12, 12), (12, 2), (12, 3), (12, 4), (12, 8), (12, 9), (12, 10), (12, 11), (12, 13), (12, 14), (13, 13), (13, 2), (13, 3), (13, 4), (13, 8), (13, 9), (13, 10), (13, 11), (13, 12), (13, 14), (14, 14), (14, 4), (14, 9), (14, 10)]

k value: 2
n (number of samples): 15
m (number of mutations): 4
EssILP calls: 178
Runtime: 31.966753005981445 seconds
Number of Nodes: 15
Essential Relation: [(0, 0), (0, 1), (0, 2), (0, 3), (0, 4), (0, 5), (0, 6), (0, 7), (0, 8), (0, 9), (0, 10), (0, 11), (0, 12), (0, 13), (0, 14), (1, 1), (1, 0), (1, 2), (1, 3), (1, 4), (1, 5), (1, 6), (1, 7), (1, 8), (1, 9), (1, 10), (1, 11), (1, 12), (1, 13), (1, 14), (2, 2), (2, 3), (2, 4), (2, 8), (2, 9), (2, 10), (2, 11), (2, 12), (2, 13), (2, 14), (3, 3), (3, 4), (3, 8), (3, 9), (3, 10), (3, 14), (4, 4), (4, 9), (4, 10), (4, 14), (5, 5), (5, 2), (5, 3), (5, 4), (5, 8), (5, 9), (5, 10), (5, 11), (5, 12), (5, 13), (5, 14), (5, 6), (5, 7), (6, 6), (6, 2), (6, 3), (6, 4), (6, 8), (6, 9), (6, 10), (6, 11), (6, 12), (6, 13), (6, 14), (6, 5), (6, 7), (7, 7), (7, 2), (7, 3), (7, 4), (7, 8), (7, 9), (7, 10), (7, 11), (7, 12), (7, 13), (7, 14), (7, 5), (7, 6), (8, 8), (8, 3), (8, 4), (8, 9), (8, 10), (8, 14), (9, 9), (9, 4), (9, 10), (9, 14), (10, 10), (10, 4), (10, 9), (10, 14), (11, 11), (11, 2), (11, 3), (11, 4), (11, 8), (11, 9), (11, 10), (11, 12), (11, 13), (11, 14), (12, 12), (12, 2), (12, 3), (12, 4), (12, 8), (12, 9), (12, 10), (12, 11), (12, 13), (12, 14), (13, 13), (13, 2), (13, 3), (13, 4), (13, 8), (13, 9), (13, 10), (13, 11), (13, 12), (13, 14), (14, 14), (14, 4), (14, 9), (14, 10)]

k value: 2
n (number of samples): 15
m (number of mutations): 4
EssILP calls: 178
Runtime: 115.24607181549072 seconds
Number of Nodes: 15
Essential Relation: [(0, 0), (0, 1), (0, 2), (0, 3), (0, 4), (0, 5), (0, 6), (0, 7), (0, 8), (0, 9), (0, 10), (0, 11), (0, 12), (0, 13), (0, 14), (1, 1), (1, 0), (1, 2), (1, 3), (1, 4), (1, 5), (1, 6), (1, 7), (1, 8), (1, 9), (1, 10), (1, 11), (1, 12), (1, 13), (1, 14), (2, 2), (2, 3), (2, 4), (2, 8), (2, 9), (2, 10), (2, 11), (2, 12), (2, 13), (2, 14), (3, 3), (3, 4), (3, 8), (3, 9), (3, 10), (3, 14), (4, 4), (4, 9), (4, 10), (4, 14), (5, 5), (5, 2), (5, 3), (5, 4), (5, 8), (5, 9), (5, 10), (5, 11), (5, 12), (5, 13), (5, 14), (5, 6), (5, 7), (6, 6), (6, 2), (6, 3), (6, 4), (6, 8), (6, 9), (6, 10), (6, 11), (6, 12), (6, 13), (6, 14), (6, 5), (6, 7), (7, 7), (7, 2), (7, 3), (7, 4), (7, 8), (7, 9), (7, 10), (7, 11), (7, 12), (7, 13), (7, 14), (7, 5), (7, 6), (8, 8), (8, 3), (8, 4), (8, 9), (8, 10), (8, 14), (9, 9), (9, 4), (9, 10), (9, 14), (10, 10), (10, 4), (10, 9), (10, 14), (11, 11), (11, 2), (11, 3), (11, 4), (11, 8), (11, 9), (11, 10), (11, 12), (11, 13), (11, 14), (12, 12), (12, 2), (12, 3), (12, 4), (12, 8), (12, 9), (12, 10), (12, 11), (12, 13), (12, 14), (13, 13), (13, 2), (13, 3), (13, 4), (13, 8), (13, 9), (13, 10), (13, 11), (13, 12), (13, 14), (14, 14), (14, 4), (14, 9), (14, 10)]

k value: 2
n (number of samples): 15
m (number of mutations): 4
EssILP calls: 178
Runtime: 23.945200443267822 seconds
Number of Nodes: 15
Essential Relation: [(0, 0), (0, 1), (0, 2), (0, 3), (0, 4), (0, 5), (0, 6), (0, 7), (0, 8), (0, 9), (0, 10), (0, 11), (0, 12), (0, 13), (0, 14), (1, 1), (1, 0), (1, 2), (1, 3), (1, 4), (1, 5), (1, 6), (1, 7), (1, 8), (1, 9), (1, 10), (1, 11), (1, 12), (1, 13), (1, 14), (2, 2), (2, 3), (2, 4), (2, 8), (2, 9), (2, 10), (2, 11), (2, 12), (2, 13), (2, 14), (3, 3), (3, 4), (3, 8), (3, 9), (3, 10), (3, 14), (4, 4), (4, 9), (4, 10), (4, 14), (5, 5), (5, 2), (5, 3), (5, 4), (5, 8), (5, 9), (5, 10), (5, 11), (5, 12), (5, 13), (5, 14), (5, 6), (5, 7), (6, 6), (6, 2), (6, 3), (6, 4), (6, 8), (6, 9), (6, 10), (6, 11), (6, 12), (6, 13), (6, 14), (6, 5), (6, 7), (7, 7), (7, 2), (7, 3), (7, 4), (7, 8), (7, 9), (7, 10), (7, 11), (7, 12), (7, 13), (7, 14), (7, 5), (7, 6), (8, 8), (8, 3), (8, 4), (8, 9), (8, 10), (8, 14), (9, 9), (9, 4), (9, 10), (9, 14), (10, 10), (10, 4), (10, 9), (10, 14), (11, 11), (11, 2), (11, 3), (11, 4), (11, 8), (11, 9), (11, 10), (11, 12), (11, 13), (11, 14), (12, 12), (12, 2), (12, 3), (12, 4), (12, 8), (12, 9), (12, 10), (12, 11), (12, 13), (12, 14), (13, 13), (13, 2), (13, 3), (13, 4), (13, 8), (13, 9), (13, 10), (13, 11), (13, 12), (13, 14), (14, 14), (14, 4), (14, 9), (14, 10)]

k value: 2
n (number of samples): 15
m (number of mutations): 4
EssILP calls: 178
Runtime: 23.275020360946655 seconds
Number of Nodes: 15
Essential Relation: [(0, 0), (0, 1), (0, 2), (0, 3), (0, 4), (0, 5), (0, 6), (0, 7), (0, 8), (0, 9), (0, 10), (0, 11), (0, 12), (0, 13), (0, 14), (1, 1), (1, 0), (1, 2), (1, 3), (1, 4), (1, 5), (1, 6), (1, 7), (1, 8), (1, 9), (1, 10), (1, 11), (1, 12), (1, 13), (1, 14), (2, 2), (2, 3), (2, 4), (2, 8), (2, 9), (2, 10), (2, 11), (2, 12), (2, 13), (2, 14), (3, 3), (3, 4), (3, 8), (3, 9), (3, 10), (3, 14), (4, 4), (4, 9), (4, 10), (4, 14), (5, 5), (5, 2), (5, 3), (5, 4), (5, 8), (5, 9), (5, 10), (5, 11), (5, 12), (5, 13), (5, 14), (5, 6), (5, 7), (6, 6), (6, 2), (6, 3), (6, 4), (6, 8), (6, 9), (6, 10), (6, 11), (6, 12), (6, 13), (6, 14), (6, 5), (6, 7), (7, 7), (7, 2), (7, 3), (7, 4), (7, 8), (7, 9), (7, 10), (7, 11), (7, 12), (7, 13), (7, 14), (7, 5), (7, 6), (8, 8), (8, 3), (8, 4), (8, 9), (8, 10), (8, 14), (9, 9), (9, 4), (9, 10), (9, 14), (10, 10), (10, 4), (10, 9), (10, 14), (11, 11), (11, 2), (11, 3), (11, 4), (11, 8), (11, 9), (11, 10), (11, 12), (11, 13), (11, 14), (12, 12), (12, 2), (12, 3), (12, 4), (12, 8), (12, 9), (12, 10), (12, 11), (12, 13), (12, 14), (13, 13), (13, 2), (13, 3), (13, 4), (13, 8), (13, 9), (13, 10), (13, 11), (13, 12), (13, 14), (14, 14), (14, 4), (14, 9), (14, 10)]

k value: 2
n (number of samples): 15
m (number of mutations): 4
EssILP calls: 178
Runtime: 24.580244064331055 seconds
Number of Nodes: 15
Essential Relation: [(0, 0), (0, 1), (0, 2), (0, 3), (0, 4), (0, 5), (0, 6), (0, 7), (0, 8), (0, 9), (0, 10), (0, 11), (0, 12), (0, 13), (0, 14), (1, 1), (1, 0), (1, 2), (1, 3), (1, 4), (1, 5), (1, 6), (1, 7), (1, 8), (1, 9), (1, 10), (1, 11), (1, 12), (1, 13), (1, 14), (2, 2), (2, 3), (2, 4), (2, 8), (2, 9), (2, 10), (2, 11), (2, 12), (2, 13), (2, 14), (3, 3), (3, 4), (3, 8), (3, 9), (3, 10), (3, 14), (4, 4), (4, 9), (4, 10), (4, 14), (5, 5), (5, 2), (5, 3), (5, 4), (5, 8), (5, 9), (5, 10), (5, 11), (5, 12), (5, 13), (5, 14), (5, 6), (5, 7), (6, 6), (6, 2), (6, 3), (6, 4), (6, 8), (6, 9), (6, 10), (6, 11), (6, 12), (6, 13), (6, 14), (6, 5), (6, 7), (7, 7), (7, 2), (7, 3), (7, 4), (7, 8), (7, 9), (7, 10), (7, 11), (7, 12), (7, 13), (7, 14), (7, 5), (7, 6), (8, 8), (8, 3), (8, 4), (8, 9), (8, 10), (8, 14), (9, 9), (9, 4), (9, 10), (9, 14), (10, 10), (10, 4), (10, 9), (10, 14), (11, 11), (11, 2), (11, 3), (11, 4), (11, 8), (11, 9), (11, 10), (11, 12), (11, 13), (11, 14), (12, 12), (12, 2), (12, 3), (12, 4), (12, 8), (12, 9), (12, 10), (12, 11), (12, 13), (12, 14), (13, 13), (13, 2), (13, 3), (13, 4), (13, 8), (13, 9), (13, 10), (13, 11), (13, 12), (13, 14), (14, 14), (14, 4), (14, 9), (14, 10)]

k value: 2
n (number of samples): 15
m (number of mutations): 4
EssILP calls: 178
Runtime: 24.602896451950073 seconds
Number of Nodes: 15
Essential Relation: [(0, 0), (0, 1), (0, 2), (0, 3), (0, 4), (0, 5), (0, 6), (0, 7), (0, 8), (0, 9), (0, 10), (0, 11), (0, 12), (0, 13), (0, 14), (1, 1), (1, 0), (1, 2), (1, 3), (1, 4), (1, 5), (1, 6), (1, 7), (1, 8), (1, 9), (1, 10), (1, 11), (1, 12), (1, 13), (1, 14), (2, 2), (2, 3), (2, 4), (2, 8), (2, 9), (2, 10), (2, 11), (2, 12), (2, 13), (2, 14), (3, 3), (3, 4), (3, 8), (3, 9), (3, 10), (3, 14), (4, 4), (4, 9), (4, 10), (4, 14), (5, 5), (5, 2), (5, 3), (5, 4), (5, 8), (5, 9), (5, 10), (5, 11), (5, 12), (5, 13), (5, 14), (5, 6), (5, 7), (6, 6), (6, 2), (6, 3), (6, 4), (6, 8), (6, 9), (6, 10), (6, 11), (6, 12), (6, 13), (6, 14), (6, 5), (6, 7), (7, 7), (7, 2), (7, 3), (7, 4), (7, 8), (7, 9), (7, 10), (7, 11), (7, 12), (7, 13), (7, 14), (7, 5), (7, 6), (8, 8), (8, 3), (8, 4), (8, 9), (8, 10), (8, 14), (9, 9), (9, 4), (9, 10), (9, 14), (10, 10), (10, 4), (10, 9), (10, 14), (11, 11), (11, 2), (11, 3), (11, 4), (11, 8), (11, 9), (11, 10), (11, 12), (11, 13), (11, 14), (12, 12), (12, 2), (12, 3), (12, 4), (12, 8), (12, 9), (12, 10), (12, 11), (12, 13), (12, 14), (13, 13), (13, 2), (13, 3), (13, 4), (13, 8), (13, 9), (13, 10), (13, 11), (13, 12), (13, 14), (14, 14), (14, 4), (14, 9), (14, 10)]

k value: 2
n (number of samples): 15
m (number of mutations): 4
EssILP calls: 178
Runtime: 25.43932604789734 seconds
Number of Nodes: 15
Essential Relation: [(0, 0), (0, 1), (0, 2), (0, 3), (0, 4), (0, 5), (0, 6), (0, 7), (0, 8), (0, 9), (0, 10), (0, 11), (0, 12), (0, 13), (0, 14), (1, 1), (1, 0), (1, 2), (1, 3), (1, 4), (1, 5), (1, 6), (1, 7), (1, 8), (1, 9), (1, 10), (1, 11), (1, 12), (1, 13), (1, 14), (2, 2), (2, 3), (2, 4), (2, 8), (2, 9), (2, 10), (2, 11), (2, 12), (2, 13), (2, 14), (3, 3), (3, 4), (3, 8), (3, 9), (3, 10), (3, 14), (4, 4), (4, 9), (4, 10), (4, 14), (5, 5), (5, 2), (5, 3), (5, 4), (5, 8), (5, 9), (5, 10), (5, 11), (5, 12), (5, 13), (5, 14), (5, 6), (5, 7), (6, 6), (6, 2), (6, 3), (6, 4), (6, 8), (6, 9), (6, 10), (6, 11), (6, 12), (6, 13), (6, 14), (6, 5), (6, 7), (7, 7), (7, 2), (7, 3), (7, 4), (7, 8), (7, 9), (7, 10), (7, 11), (7, 12), (7, 13), (7, 14), (7, 5), (7, 6), (8, 8), (8, 3), (8, 4), (8, 9), (8, 10), (8, 14), (9, 9), (9, 4), (9, 10), (9, 14), (10, 10), (10, 4), (10, 9), (10, 14), (11, 11), (11, 2), (11, 3), (11, 4), (11, 8), (11, 9), (11, 10), (11, 12), (11, 13), (11, 14), (12, 12), (12, 2), (12, 3), (12, 4), (12, 8), (12, 9), (12, 10), (12, 11), (12, 13), (12, 14), (13, 13), (13, 2), (13, 3), (13, 4), (13, 8), (13, 9), (13, 10), (13, 11), (13, 12), (13, 14), (14, 14), (14, 4), (14, 9), (14, 10)]

k value: 2
n (number of samples): 15
m (number of mutations): 4
EssILP calls: 178
Runtime: 24.62696385383606 seconds
Number of Nodes: 15
Essential Relation: [(0, 0), (0, 1), (0, 2), (0, 3), (0, 4), (0, 5), (0, 6), (0, 7), (0, 8), (0, 9), (0, 10), (0, 11), (0, 12), (0, 13), (0, 14), (1, 1), (1, 0), (1, 2), (1, 3), (1, 4), (1, 5), (1, 6), (1, 7), (1, 8), (1, 9), (1, 10), (1, 11), (1, 12), (1, 13), (1, 14), (2, 2), (2, 3), (2, 4), (2, 8), (2, 9), (2, 10), (2, 11), (2, 12), (2, 13), (2, 14), (3, 3), (3, 4), (3, 8), (3, 9), (3, 10), (3, 14), (4, 4), (4, 9), (4, 10), (4, 14), (5, 5), (5, 2), (5, 3), (5, 4), (5, 8), (5, 9), (5, 10), (5, 11), (5, 12), (5, 13), (5, 14), (5, 6), (5, 7), (6, 6), (6, 2), (6, 3), (6, 4), (6, 8), (6, 9), (6, 10), (6, 11), (6, 12), (6, 13), (6, 14), (6, 5), (6, 7), (7, 7), (7, 2), (7, 3), (7, 4), (7, 8), (7, 9), (7, 10), (7, 11), (7, 12), (7, 13), (7, 14), (7, 5), (7, 6), (8, 8), (8, 3), (8, 4), (8, 9), (8, 10), (8, 14), (9, 9), (9, 4), (9, 10), (9, 14), (10, 10), (10, 4), (10, 9), (10, 14), (11, 11), (11, 2), (11, 3), (11, 4), (11, 8), (11, 9), (11, 10), (11, 12), (11, 13), (11, 14), (12, 12), (12, 2), (12, 3), (12, 4), (12, 8), (12, 9), (12, 10), (12, 11), (12, 13), (12, 14), (13, 13), (13, 2), (13, 3), (13, 4), (13, 8), (13, 9), (13, 10), (13, 11), (13, 12), (13, 14), (14, 14), (14, 4), (14, 9), (14, 10)]

k value: 2
n (number of samples): 15
m (number of mutations): 4
EssILP calls: 178
Runtime: 24.151445388793945 seconds
Number of Nodes: 15
Essential Relation: [(0, 0), (0, 1), (0, 2), (0, 3), (0, 4), (0, 5), (0, 6), (0, 7), (0, 8), (0, 9), (0, 10), (0, 11), (0, 12), (0, 13), (0, 14), (1, 1), (1, 0), (1, 2), (1, 3), (1, 4), (1, 5), (1, 6), (1, 7), (1, 8), (1, 9), (1, 10), (1, 11), (1, 12), (1, 13), (1, 14), (2, 2), (2, 3), (2, 4), (2, 8), (2, 9), (2, 10), (2, 11), (2, 12), (2, 13), (2, 14), (3, 3), (3, 4), (3, 8), (3, 9), (3, 10), (3, 14), (4, 4), (4, 9), (4, 10), (4, 14), (5, 5), (5, 2), (5, 3), (5, 4), (5, 8), (5, 9), (5, 10), (5, 11), (5, 12), (5, 13), (5, 14), (5, 6), (5, 7), (6, 6), (6, 2), (6, 3), (6, 4), (6, 8), (6, 9), (6, 10), (6, 11), (6, 12), (6, 13), (6, 14), (6, 5), (6, 7), (7, 7), (7, 2), (7, 3), (7, 4), (7, 8), (7, 9), (7, 10), (7, 11), (7, 12), (7, 13), (7, 14), (7, 5), (7, 6), (8, 8), (8, 3), (8, 4), (8, 9), (8, 10), (8, 14), (9, 9), (9, 4), (9, 10), (9, 14), (10, 10), (10, 4), (10, 9), (10, 14), (11, 11), (11, 2), (11, 3), (11, 4), (11, 8), (11, 9), (11, 10), (11, 12), (11, 13), (11, 14), (12, 12), (12, 2), (12, 3), (12, 4), (12, 8), (12, 9), (12, 10), (12, 11), (12, 13), (12, 14), (13, 13), (13, 2), (13, 3), (13, 4), (13, 8), (13, 9), (13, 10), (13, 11), (13, 12), (13, 14), (14, 14), (14, 4), (14, 9), (14, 10)]

k value: 2
n (number of samples): 15
m (number of mutations): 4
EssILP calls: 178
Runtime: 24.267088413238525 seconds
Number of Nodes: 15
Essential Relation: [(0, 0), (0, 1), (0, 2), (0, 3), (0, 4), (0, 5), (0, 6), (0, 7), (0, 8), (0, 9), (0, 10), (0, 11), (0, 12), (0, 13), (0, 14), (1, 1), (1, 0), (1, 2), (1, 3), (1, 4), (1, 5), (1, 6), (1, 7), (1, 8), (1, 9), (1, 10), (1, 11), (1, 12), (1, 13), (1, 14), (2, 2), (2, 3), (2, 4), (2, 8), (2, 9), (2, 10), (2, 11), (2, 12), (2, 13), (2, 14), (3, 3), (3, 4), (3, 8), (3, 9), (3, 10), (3, 14), (4, 4), (4, 9), (4, 10), (4, 14), (5, 5), (5, 2), (5, 3), (5, 4), (5, 8), (5, 9), (5, 10), (5, 11), (5, 12), (5, 13), (5, 14), (5, 6), (5, 7), (6, 6), (6, 2), (6, 3), (6, 4), (6, 8), (6, 9), (6, 10), (6, 11), (6, 12), (6, 13), (6, 14), (6, 5), (6, 7), (7, 7), (7, 2), (7, 3), (7, 4), (7, 8), (7, 9), (7, 10), (7, 11), (7, 12), (7, 13), (7, 14), (7, 5), (7, 6), (8, 8), (8, 3), (8, 4), (8, 9), (8, 10), (8, 14), (9, 9), (9, 4), (9, 10), (9, 14), (10, 10), (10, 4), (10, 9), (10, 14), (11, 11), (11, 2), (11, 3), (11, 4), (11, 8), (11, 9), (11, 10), (11, 12), (11, 13), (11, 14), (12, 12), (12, 2), (12, 3), (12, 4), (12, 8), (12, 9), (12, 10), (12, 11), (12, 13), (12, 14), (13, 13), (13, 2), (13, 3), (13, 4), (13, 8), (13, 9), (13, 10), (13, 11), (13, 12), (13, 14), (14, 14), (14, 4), (14, 9), (14, 10)]

k value: 2
n (number of samples): 15
m (number of mutations): 4
EssILP calls: 178
Runtime: 31.918575763702393 seconds
Number of Nodes: 15
Essential Relation: [(0, 0), (0, 1), (0, 2), (0, 3), (0, 4), (0, 5), (0, 6), (0, 7), (0, 8), (0, 9), (0, 10), (0, 11), (0, 12), (0, 13), (0, 14), (1, 1), (1, 0), (1, 2), (1, 3), (1, 4), (1, 5), (1, 6), (1, 7), (1, 8), (1, 9), (1, 10), (1, 11), (1, 12), (1, 13), (1, 14), (2, 2), (2, 3), (2, 4), (2, 8), (2, 9), (2, 10), (2, 11), (2, 12), (2, 13), (2, 14), (3, 3), (3, 4), (3, 8), (3, 9), (3, 10), (3, 14), (4, 4), (4, 9), (4, 10), (4, 14), (5, 5), (5, 2), (5, 3), (5, 4), (5, 8), (5, 9), (5, 10), (5, 11), (5, 12), (5, 13), (5, 14), (5, 6), (5, 7), (6, 6), (6, 2), (6, 3), (6, 4), (6, 8), (6, 9), (6, 10), (6, 11), (6, 12), (6, 13), (6, 14), (6, 5), (6, 7), (7, 7), (7, 2), (7, 3), (7, 4), (7, 8), (7, 9), (7, 10), (7, 11), (7, 12), (7, 13), (7, 14), (7, 5), (7, 6), (8, 8), (8, 3), (8, 4), (8, 9), (8, 10), (8, 14), (9, 9), (9, 4), (9, 10), (9, 14), (10, 10), (10, 4), (10, 9), (10, 14), (11, 11), (11, 2), (11, 3), (11, 4), (11, 8), (11, 9), (11, 10), (11, 12), (11, 13), (11, 14), (12, 12), (12, 2), (12, 3), (12, 4), (12, 8), (12, 9), (12, 10), (12, 11), (12, 13), (12, 14), (13, 13), (13, 2), (13, 3), (13, 4), (13, 8), (13, 9), (13, 10), (13, 11), (13, 12), (13, 14), (14, 14), (14, 4), (14, 9), (14, 10)]

k value: 2
n (number of samples): 15
m (number of mutations): 4
EssILP calls: 178
Runtime: 29.319324493408203 seconds
Number of Nodes: 15
Essential Relation: [(0, 0), (0, 1), (0, 2), (0, 3), (0, 4), (0, 5), (0, 6), (0, 7), (0, 8), (0, 9), (0, 10), (0, 11), (0, 12), (0, 13), (0, 14), (1, 1), (1, 0), (1, 2), (1, 3), (1, 4), (1, 5), (1, 6), (1, 7), (1, 8), (1, 9), (1, 10), (1, 11), (1, 12), (1, 13), (1, 14), (2, 2), (2, 3), (2, 4), (2, 8), (2, 9), (2, 10), (2, 11), (2, 12), (2, 13), (2, 14), (3, 3), (3, 4), (3, 8), (3, 9), (3, 10), (3, 14), (4, 4), (4, 9), (4, 10), (4, 14), (5, 5), (5, 2), (5, 3), (5, 4), (5, 8), (5, 9), (5, 10), (5, 11), (5, 12), (5, 13), (5, 14), (5, 6), (5, 7), (6, 6), (6, 2), (6, 3), (6, 4), (6, 8), (6, 9), (6, 10), (6, 11), (6, 12), (6, 13), (6, 14), (6, 5), (6, 7), (7, 7), (7, 2), (7, 3), (7, 4), (7, 8), (7, 9), (7, 10), (7, 11), (7, 12), (7, 13), (7, 14), (7, 5), (7, 6), (8, 8), (8, 3), (8, 4), (8, 9), (8, 10), (8, 14), (9, 9), (9, 4), (9, 10), (9, 14), (10, 10), (10, 4), (10, 9), (10, 14), (11, 11), (11, 2), (11, 3), (11, 4), (11, 8), (11, 9), (11, 10), (11, 12), (11, 13), (11, 14), (12, 12), (12, 2), (12, 3), (12, 4), (12, 8), (12, 9), (12, 10), (12, 11), (12, 13), (12, 14), (13, 13), (13, 2), (13, 3), (13, 4), (13, 8), (13, 9), (13, 10), (13, 11), (13, 12), (13, 14), (14, 14), (14, 4), (14, 9), (14, 10)]

k value: 2
n (number of samples): 15
m (number of mutations): 4
EssILP calls: 178
Runtime: 31.101142168045044 seconds
Number of Nodes: 15
Essential Relation: [(0, 0), (0, 1), (0, 2), (0, 3), (0, 4), (0, 5), (0, 6), (0, 7), (0, 8), (0, 9), (0, 10), (0, 11), (0, 12), (0, 13), (0, 14), (1, 1), (1, 0), (1, 2), (1, 3), (1, 4), (1, 5), (1, 6), (1, 7), (1, 8), (1, 9), (1, 10), (1, 11), (1, 12), (1, 13), (1, 14), (2, 2), (2, 3), (2, 4), (2, 8), (2, 9), (2, 10), (2, 11), (2, 12), (2, 13), (2, 14), (3, 3), (3, 4), (3, 8), (3, 9), (3, 10), (3, 14), (4, 4), (4, 9), (4, 10), (4, 14), (5, 5), (5, 2), (5, 3), (5, 4), (5, 8), (5, 9), (5, 10), (5, 11), (5, 12), (5, 13), (5, 14), (5, 6), (5, 7), (6, 6), (6, 2), (6, 3), (6, 4), (6, 8), (6, 9), (6, 10), (6, 11), (6, 12), (6, 13), (6, 14), (6, 5), (6, 7), (7, 7), (7, 2), (7, 3), (7, 4), (7, 8), (7, 9), (7, 10), (7, 11), (7, 12), (7, 13), (7, 14), (7, 5), (7, 6), (8, 8), (8, 3), (8, 4), (8, 9), (8, 10), (8, 14), (9, 9), (9, 4), (9, 10), (9, 14), (10, 10), (10, 4), (10, 9), (10, 14), (11, 11), (11, 2), (11, 3), (11, 4), (11, 8), (11, 9), (11, 10), (11, 12), (11, 13), (11, 14), (12, 12), (12, 2), (12, 3), (12, 4), (12, 8), (12, 9), (12, 10), (12, 11), (12, 13), (12, 14), (13, 13), (13, 2), (13, 3), (13, 4), (13, 8), (13, 9), (13, 10), (13, 11), (13, 12), (13, 14), (14, 14), (14, 4), (14, 9), (14, 10)]

k value: 2
n (number of samples): 15
m (number of mutations): 4
EssILP calls: 178
Runtime: 31.929240226745605 seconds
Number of Nodes: 15
Essential Relation: [(0, 0), (0, 1), (0, 2), (0, 3), (0, 4), (0, 5), (0, 6), (0, 7), (0, 8), (0, 9), (0, 10), (0, 11), (0, 12), (0, 13), (0, 14), (1, 1), (1, 0), (1, 2), (1, 3), (1, 4), (1, 5), (1, 6), (1, 7), (1, 8), (1, 9), (1, 10), (1, 11), (1, 12), (1, 13), (1, 14), (2, 2), (2, 3), (2, 4), (2, 8), (2, 9), (2, 10), (2, 11), (2, 12), (2, 13), (2, 14), (3, 3), (3, 4), (3, 8), (3, 9), (3, 10), (3, 14), (4, 4), (4, 9), (4, 10), (4, 14), (5, 5), (5, 2), (5, 3), (5, 4), (5, 8), (5, 9), (5, 10), (5, 11), (5, 12), (5, 13), (5, 14), (5, 6), (5, 7), (6, 6), (6, 2), (6, 3), (6, 4), (6, 8), (6, 9), (6, 10), (6, 11), (6, 12), (6, 13), (6, 14), (6, 5), (6, 7), (7, 7), (7, 2), (7, 3), (7, 4), (7, 8), (7, 9), (7, 10), (7, 11), (7, 12), (7, 13), (7, 14), (7, 5), (7, 6), (8, 8), (8, 3), (8, 4), (8, 9), (8, 10), (8, 14), (9, 9), (9, 4), (9, 10), (9, 14), (10, 10), (10, 4), (10, 9), (10, 14), (11, 11), (11, 2), (11, 3), (11, 4), (11, 8), (11, 9), (11, 10), (11, 12), (11, 13), (11, 14), (12, 12), (12, 2), (12, 3), (12, 4), (12, 8), (12, 9), (12, 10), (12, 11), (12, 13), (12, 14), (13, 13), (13, 2), (13, 3), (13, 4), (13, 8), (13, 9), (13, 10), (13, 11), (13, 12), (13, 14), (14, 14), (14, 4), (14, 9), (14, 10)]

k value: 2
n (number of samples): 15
m (number of mutations): 4
EssILP calls: 178
Runtime: 24.12877607345581 seconds
Number of Nodes: 15
Essential Relation: [(0, 0), (0, 1), (0, 2), (0, 3), (0, 4), (0, 5), (0, 6), (0, 7), (0, 8), (0, 9), (0, 10), (0, 11), (0, 12), (0, 13), (0, 14), (1, 1), (1, 0), (1, 2), (1, 3), (1, 4), (1, 5), (1, 6), (1, 7), (1, 8), (1, 9), (1, 10), (1, 11), (1, 12), (1, 13), (1, 14), (2, 2), (2, 3), (2, 4), (2, 8), (2, 9), (2, 10), (2, 11), (2, 12), (2, 13), (2, 14), (3, 3), (3, 4), (3, 8), (3, 9), (3, 10), (3, 14), (4, 4), (4, 9), (4, 10), (4, 14), (5, 5), (5, 2), (5, 3), (5, 4), (5, 8), (5, 9), (5, 10), (5, 11), (5, 12), (5, 13), (5, 14), (5, 6), (5, 7), (6, 6), (6, 2), (6, 3), (6, 4), (6, 8), (6, 9), (6, 10), (6, 11), (6, 12), (6, 13), (6, 14), (6, 5), (6, 7), (7, 7), (7, 2), (7, 3), (7, 4), (7, 8), (7, 9), (7, 10), (7, 11), (7, 12), (7, 13), (7, 14), (7, 5), (7, 6), (8, 8), (8, 3), (8, 4), (8, 9), (8, 10), (8, 14), (9, 9), (9, 4), (9, 10), (9, 14), (10, 10), (10, 4), (10, 9), (10, 14), (11, 11), (11, 2), (11, 3), (11, 4), (11, 8), (11, 9), (11, 10), (11, 12), (11, 13), (11, 14), (12, 12), (12, 2), (12, 3), (12, 4), (12, 8), (12, 9), (12, 10), (12, 11), (12, 13), (12, 14), (13, 13), (13, 2), (13, 3), (13, 4), (13, 8), (13, 9), (13, 10), (13, 11), (13, 12), (13, 14), (14, 14), (14, 4), (14, 9), (14, 10)]

k value: 2
n (number of samples): 15
m (number of mutations): 4
EssILP calls: 178
Runtime: 24.119537353515625 seconds
Number of Nodes: 15
Essential Relation: [(0, 0), (0, 1), (0, 2), (0, 3), (0, 4), (0, 5), (0, 6), (0, 7), (0, 8), (0, 9), (0, 10), (0, 11), (0, 12), (0, 13), (0, 14), (1, 1), (1, 0), (1, 2), (1, 3), (1, 4), (1, 5), (1, 6), (1, 7), (1, 8), (1, 9), (1, 10), (1, 11), (1, 12), (1, 13), (1, 14), (2, 2), (2, 3), (2, 4), (2, 8), (2, 9), (2, 10), (2, 11), (2, 12), (2, 13), (2, 14), (3, 3), (3, 4), (3, 8), (3, 9), (3, 10), (3, 14), (4, 4), (4, 9), (4, 10), (4, 14), (5, 5), (5, 2), (5, 3), (5, 4), (5, 8), (5, 9), (5, 10), (5, 11), (5, 12), (5, 13), (5, 14), (5, 6), (5, 7), (6, 6), (6, 2), (6, 3), (6, 4), (6, 8), (6, 9), (6, 10), (6, 11), (6, 12), (6, 13), (6, 14), (6, 5), (6, 7), (7, 7), (7, 2), (7, 3), (7, 4), (7, 8), (7, 9), (7, 10), (7, 11), (7, 12), (7, 13), (7, 14), (7, 5), (7, 6), (8, 8), (8, 3), (8, 4), (8, 9), (8, 10), (8, 14), (9, 9), (9, 4), (9, 10), (9, 14), (10, 10), (10, 4), (10, 9), (10, 14), (11, 11), (11, 2), (11, 3), (11, 4), (11, 8), (11, 9), (11, 10), (11, 12), (11, 13), (11, 14), (12, 12), (12, 2), (12, 3), (12, 4), (12, 8), (12, 9), (12, 10), (12, 11), (12, 13), (12, 14), (13, 13), (13, 2), (13, 3), (13, 4), (13, 8), (13, 9), (13, 10), (13, 11), (13, 12), (13, 14), (14, 14), (14, 4), (14, 9), (14, 10)]

k value: 2
n (number of samples): 15
m (number of mutations): 4
EssILP calls: 178
Runtime: 89.64143800735474 seconds
Number of Nodes: 15
Essential Relation: [(0, 0), (0, 1), (0, 2), (0, 3), (0, 4), (0, 5), (0, 6), (0, 7), (0, 8), (0, 9), (0, 10), (0, 11), (0, 12), (0, 13), (0, 14), (1, 1), (1, 0), (1, 2), (1, 3), (1, 4), (1, 5), (1, 6), (1, 7), (1, 8), (1, 9), (1, 10), (1, 11), (1, 12), (1, 13), (1, 14), (2, 2), (2, 3), (2, 4), (2, 8), (2, 9), (2, 10), (2, 11), (2, 12), (2, 13), (2, 14), (3, 3), (3, 4), (3, 8), (3, 9), (3, 10), (3, 14), (4, 4), (4, 9), (4, 10), (4, 14), (5, 5), (5, 2), (5, 3), (5, 4), (5, 8), (5, 9), (5, 10), (5, 11), (5, 12), (5, 13), (5, 14), (5, 6), (5, 7), (6, 6), (6, 2), (6, 3), (6, 4), (6, 8), (6, 9), (6, 10), (6, 11), (6, 12), (6, 13), (6, 14), (6, 5), (6, 7), (7, 7), (7, 2), (7, 3), (7, 4), (7, 8), (7, 9), (7, 10), (7, 11), (7, 12), (7, 13), (7, 14), (7, 5), (7, 6), (8, 8), (8, 3), (8, 4), (8, 9), (8, 10), (8, 14), (9, 9), (9, 4), (9, 10), (9, 14), (10, 10), (10, 4), (10, 9), (10, 14), (11, 11), (11, 2), (11, 3), (11, 4), (11, 8), (11, 9), (11, 10), (11, 12), (11, 13), (11, 14), (12, 12), (12, 2), (12, 3), (12, 4), (12, 8), (12, 9), (12, 10), (12, 11), (12, 13), (12, 14), (13, 13), (13, 2), (13, 3), (13, 4), (13, 8), (13, 9), (13, 10), (13, 11), (13, 12), (13, 14), (14, 14), (14, 4), (14, 9), (14, 10)]

k value: 2
n (number of samples): 15
m (number of mutations): 4
EssILP calls: 178
Runtime: 24.18396520614624 seconds
Number of Nodes: 15
Essential Relation: [(0, 0), (0, 1), (0, 2), (0, 3), (0, 4), (0, 5), (0, 6), (0, 7), (0, 8), (0, 9), (0, 10), (0, 11), (0, 12), (0, 13), (0, 14), (1, 1), (1, 0), (1, 2), (1, 3), (1, 4), (1, 5), (1, 6), (1, 7), (1, 8), (1, 9), (1, 10), (1, 11), (1, 12), (1, 13), (1, 14), (2, 2), (2, 3), (2, 4), (2, 8), (2, 9), (2, 10), (2, 11), (2, 12), (2, 13), (2, 14), (3, 3), (3, 4), (3, 8), (3, 9), (3, 10), (3, 14), (4, 4), (4, 9), (4, 10), (4, 14), (5, 5), (5, 2), (5, 3), (5, 4), (5, 8), (5, 9), (5, 10), (5, 11), (5, 12), (5, 13), (5, 14), (5, 6), (5, 7), (6, 6), (6, 2), (6, 3), (6, 4), (6, 8), (6, 9), (6, 10), (6, 11), (6, 12), (6, 13), (6, 14), (6, 5), (6, 7), (7, 7), (7, 2), (7, 3), (7, 4), (7, 8), (7, 9), (7, 10), (7, 11), (7, 12), (7, 13), (7, 14), (7, 5), (7, 6), (8, 8), (8, 3), (8, 4), (8, 9), (8, 10), (8, 14), (9, 9), (9, 4), (9, 10), (9, 14), (10, 10), (10, 4), (10, 9), (10, 14), (11, 11), (11, 2), (11, 3), (11, 4), (11, 8), (11, 9), (11, 10), (11, 12), (11, 13), (11, 14), (12, 12), (12, 2), (12, 3), (12, 4), (12, 8), (12, 9), (12, 10), (12, 11), (12, 13), (12, 14), (13, 13), (13, 2), (13, 3), (13, 4), (13, 8), (13, 9), (13, 10), (13, 11), (13, 12), (13, 14), (14, 14), (14, 4), (14, 9), (14, 10)]

k value: 2
n (number of samples): 15
m (number of mutations): 4
EssILP calls: 178
Runtime: 25.1878502368927 seconds
Number of Nodes: 15
Essential Relation: [(0, 0), (0, 1), (0, 2), (0, 3), (0, 4), (0, 5), (0, 6), (0, 7), (0, 8), (0, 9), (0, 10), (0, 11), (0, 12), (0, 13), (0, 14), (1, 1), (1, 0), (1, 2), (1, 3), (1, 4), (1, 5), (1, 6), (1, 7), (1, 8), (1, 9), (1, 10), (1, 11), (1, 12), (1, 13), (1, 14), (2, 2), (2, 3), (2, 4), (2, 8), (2, 9), (2, 10), (2, 11), (2, 12), (2, 13), (2, 14), (3, 3), (3, 4), (3, 8), (3, 9), (3, 10), (3, 14), (4, 4), (4, 9), (4, 10), (4, 14), (5, 5), (5, 2), (5, 3), (5, 4), (5, 8), (5, 9), (5, 10), (5, 11), (5, 12), (5, 13), (5, 14), (5, 6), (5, 7), (6, 6), (6, 2), (6, 3), (6, 4), (6, 8), (6, 9), (6, 10), (6, 11), (6, 12), (6, 13), (6, 14), (6, 5), (6, 7), (7, 7), (7, 2), (7, 3), (7, 4), (7, 8), (7, 9), (7, 10), (7, 11), (7, 12), (7, 13), (7, 14), (7, 5), (7, 6), (8, 8), (8, 3), (8, 4), (8, 9), (8, 10), (8, 14), (9, 9), (9, 4), (9, 10), (9, 14), (10, 10), (10, 4), (10, 9), (10, 14), (11, 11), (11, 2), (11, 3), (11, 4), (11, 8), (11, 9), (11, 10), (11, 12), (11, 13), (11, 14), (12, 12), (12, 2), (12, 3), (12, 4), (12, 8), (12, 9), (12, 10), (12, 11), (12, 13), (12, 14), (13, 13), (13, 2), (13, 3), (13, 4), (13, 8), (13, 9), (13, 10), (13, 11), (13, 12), (13, 14), (14, 14), (14, 4), (14, 9), (14, 10)]

k value: 2
n (number of samples): 15
m (number of mutations): 4
EssILP calls: 178
Runtime: 24.654537439346313 seconds
Number of Nodes: 15
Essential Relation: [(0, 0), (0, 1), (0, 2), (0, 3), (0, 4), (0, 5), (0, 6), (0, 7), (0, 8), (0, 9), (0, 10), (0, 11), (0, 12), (0, 13), (0, 14), (1, 1), (1, 0), (1, 2), (1, 3), (1, 4), (1, 5), (1, 6), (1, 7), (1, 8), (1, 9), (1, 10), (1, 11), (1, 12), (1, 13), (1, 14), (2, 2), (2, 3), (2, 4), (2, 8), (2, 9), (2, 10), (2, 11), (2, 12), (2, 13), (2, 14), (3, 3), (3, 4), (3, 8), (3, 9), (3, 10), (3, 14), (4, 4), (4, 9), (4, 10), (4, 14), (5, 5), (5, 2), (5, 3), (5, 4), (5, 8), (5, 9), (5, 10), (5, 11), (5, 12), (5, 13), (5, 14), (5, 6), (5, 7), (6, 6), (6, 2), (6, 3), (6, 4), (6, 8), (6, 9), (6, 10), (6, 11), (6, 12), (6, 13), (6, 14), (6, 5), (6, 7), (7, 7), (7, 2), (7, 3), (7, 4), (7, 8), (7, 9), (7, 10), (7, 11), (7, 12), (7, 13), (7, 14), (7, 5), (7, 6), (8, 8), (8, 3), (8, 4), (8, 9), (8, 10), (8, 14), (9, 9), (9, 4), (9, 10), (9, 14), (10, 10), (10, 4), (10, 9), (10, 14), (11, 11), (11, 2), (11, 3), (11, 4), (11, 8), (11, 9), (11, 10), (11, 12), (11, 13), (11, 14), (12, 12), (12, 2), (12, 3), (12, 4), (12, 8), (12, 9), (12, 10), (12, 11), (12, 13), (12, 14), (13, 13), (13, 2), (13, 3), (13, 4), (13, 8), (13, 9), (13, 10), (13, 11), (13, 12), (13, 14), (14, 14), (14, 4), (14, 9), (14, 10)]

k value: 2
n (number of samples): 15
m (number of mutations): 4
EssILP calls: 178
Runtime: 33.36993741989136 seconds
Number of Nodes: 15
Essential Relation: [(0, 0), (0, 1), (0, 2), (0, 3), (0, 4), (0, 5), (0, 6), (0, 7), (0, 8), (0, 9), (0, 10), (0, 11), (0, 12), (0, 13), (0, 14), (1, 1), (1, 0), (1, 2), (1, 3), (1, 4), (1, 5), (1, 6), (1, 7), (1, 8), (1, 9), (1, 10), (1, 11), (1, 12), (1, 13), (1, 14), (2, 2), (2, 3), (2, 4), (2, 8), (2, 9), (2, 10), (2, 11), (2, 12), (2, 13), (2, 14), (3, 3), (3, 4), (3, 8), (3, 9), (3, 10), (3, 14), (4, 4), (4, 9), (4, 10), (4, 14), (5, 5), (5, 2), (5, 3), (5, 4), (5, 8), (5, 9), (5, 10), (5, 11), (5, 12), (5, 13), (5, 14), (5, 6), (5, 7), (6, 6), (6, 2), (6, 3), (6, 4), (6, 8), (6, 9), (6, 10), (6, 11), (6, 12), (6, 13), (6, 14), (6, 5), (6, 7), (7, 7), (7, 2), (7, 3), (7, 4), (7, 8), (7, 9), (7, 10), (7, 11), (7, 12), (7, 13), (7, 14), (7, 5), (7, 6), (8, 8), (8, 3), (8, 4), (8, 9), (8, 10), (8, 14), (9, 9), (9, 4), (9, 10), (9, 14), (10, 10), (10, 4), (10, 9), (10, 14), (11, 11), (11, 2), (11, 3), (11, 4), (11, 8), (11, 9), (11, 10), (11, 12), (11, 13), (11, 14), (12, 12), (12, 2), (12, 3), (12, 4), (12, 8), (12, 9), (12, 10), (12, 11), (12, 13), (12, 14), (13, 13), (13, 2), (13, 3), (13, 4), (13, 8), (13, 9), (13, 10), (13, 11), (13, 12), (13, 14), (14, 14), (14, 4), (14, 9), (14, 10)]

k value: 2
n (number of samples): 15
m (number of mutations): 4
EssILP calls: 178
Runtime: 32.741403579711914 seconds
Number of Nodes: 15
Essential Relation: [(0, 0), (0, 1), (0, 2), (0, 3), (0, 4), (0, 5), (0, 6), (0, 7), (0, 8), (0, 9), (0, 10), (0, 11), (0, 12), (0, 13), (0, 14), (1, 1), (1, 0), (1, 2), (1, 3), (1, 4), (1, 5), (1, 6), (1, 7), (1, 8), (1, 9), (1, 10), (1, 11), (1, 12), (1, 13), (1, 14), (2, 2), (2, 3), (2, 4), (2, 8), (2, 9), (2, 10), (2, 11), (2, 12), (2, 13), (2, 14), (3, 3), (3, 4), (3, 8), (3, 9), (3, 10), (3, 14), (4, 4), (4, 9), (4, 10), (4, 14), (5, 5), (5, 2), (5, 3), (5, 4), (5, 8), (5, 9), (5, 10), (5, 11), (5, 12), (5, 13), (5, 14), (5, 6), (5, 7), (6, 6), (6, 2), (6, 3), (6, 4), (6, 8), (6, 9), (6, 10), (6, 11), (6, 12), (6, 13), (6, 14), (6, 5), (6, 7), (7, 7), (7, 2), (7, 3), (7, 4), (7, 8), (7, 9), (7, 10), (7, 11), (7, 12), (7, 13), (7, 14), (7, 5), (7, 6), (8, 8), (8, 3), (8, 4), (8, 9), (8, 10), (8, 14), (9, 9), (9, 4), (9, 10), (9, 14), (10, 10), (10, 4), (10, 9), (10, 14), (11, 11), (11, 2), (11, 3), (11, 4), (11, 8), (11, 9), (11, 10), (11, 12), (11, 13), (11, 14), (12, 12), (12, 2), (12, 3), (12, 4), (12, 8), (12, 9), (12, 10), (12, 11), (12, 13), (12, 14), (13, 13), (13, 2), (13, 3), (13, 4), (13, 8), (13, 9), (13, 10), (13, 11), (13, 12), (13, 14), (14, 14), (14, 4), (14, 9), (14, 10)]

k value: 2
n (number of samples): 15
m (number of mutations): 4
EssILP calls: 178
Runtime: 22.70812678337097 seconds
Number of Nodes: 15
Essential Relation: [(0, 0), (0, 1), (0, 2), (0, 3), (0, 4), (0, 5), (0, 6), (0, 7), (0, 8), (0, 9), (0, 10), (0, 11), (0, 12), (0, 13), (0, 14), (1, 1), (1, 0), (1, 2), (1, 3), (1, 4), (1, 5), (1, 6), (1, 7), (1, 8), (1, 9), (1, 10), (1, 11), (1, 12), (1, 13), (1, 14), (2, 2), (2, 3), (2, 4), (2, 8), (2, 9), (2, 10), (2, 11), (2, 12), (2, 13), (2, 14), (3, 3), (3, 4), (3, 8), (3, 9), (3, 10), (3, 14), (4, 4), (4, 9), (4, 10), (4, 14), (5, 5), (5, 2), (5, 3), (5, 4), (5, 8), (5, 9), (5, 10), (5, 11), (5, 12), (5, 13), (5, 14), (5, 6), (5, 7), (6, 6), (6, 2), (6, 3), (6, 4), (6, 8), (6, 9), (6, 10), (6, 11), (6, 12), (6, 13), (6, 14), (6, 5), (6, 7), (7, 7), (7, 2), (7, 3), (7, 4), (7, 8), (7, 9), (7, 10), (7, 11), (7, 12), (7, 13), (7, 14), (7, 5), (7, 6), (8, 8), (8, 3), (8, 4), (8, 9), (8, 10), (8, 14), (9, 9), (9, 4), (9, 10), (9, 14), (10, 10), (10, 4), (10, 9), (10, 14), (11, 11), (11, 2), (11, 3), (11, 4), (11, 8), (11, 9), (11, 10), (11, 12), (11, 13), (11, 14), (12, 12), (12, 2), (12, 3), (12, 4), (12, 8), (12, 9), (12, 10), (12, 11), (12, 13), (12, 14), (13, 13), (13, 2), (13, 3), (13, 4), (13, 8), (13, 9), (13, 10), (13, 11), (13, 12), (13, 14), (14, 14), (14, 4), (14, 9), (14, 10)]

