0, 1, 2, 3, 4, 6, 7, 10, 11, 12, 13, 14, 15, 17, 18, 19, 20, 22, 24, 25, 26, 27, 28, 29, 30, 32, 33, 34, 35, 36, 37, 38, 39, 40, 41, 42, 43, 44, 45, 46, 47, 48, 49, 50, 51, 52, 53, 54, 55, 56, 57, 58, 59, 60, 61, 62, 63, 64, 65, 66, 67, 68, 69, 70, 71, 72, 73, 74, 75, 76, 77, 78, 79, 80, 81, 82, 83, 84, 85, 86, 87, 88, 89, 90, 91, 92, 93, 94, 95, 96, 97, 98, 99, 100, 101, 102, 103, 104, 105, 106, 107, 108, 109, 110, 111#31#{'mutation_labels': '[15]'}
0, 1, 2, 3, 4, 6, 7, 10, 11, 12, 13, 14, 15, 17, 18, 19, 20, 22, 24, 25, 26, 27, 28, 29, 30, 32, 33, 34, 35, 36, 37, 38, 39, 40, 41, 42, 43, 44, 45, 46, 47, 48, 49, 50, 51, 52, 53, 54, 55, 56, 57, 58, 59, 60, 61, 62, 63, 64, 65, 66, 67, 68, 69, 70, 71, 72, 73, 74, 75, 76, 77, 78, 79, 80, 81, 82, 83, 84, 85, 86, 87, 88, 89, 90, 91, 92, 93, 94, 95, 96, 97, 98, 99, 100, 101, 102, 103, 104, 105, 106, 107, 108, 109, 110, 111#16#{'mutation_labels': '[0, 1, 2, 3, 4, 6, 7, 8, 9, 10, 11, 12, 13, 14, 15]'}
129, 130, 131, 132, 133, 134, 135, 136, 137, 140, 143, 144, 123, 127#141#{'mutation_labels': '[3]'}
155#160, 161, 162, 163, 164, 165, 166, 167, 145, 151, 152, 154, 156, 157, 159#{'mutation_labels': '[3]'}
168, 153, 150, 158#155#{'mutation_labels': '[3]'}
124#168, 153, 150, 158#{'mutation_labels': '[2]'}
115#23#{'mutation_labels': '[6, 7, 14]'}
113, 114#115#{'mutation_labels': '[7, 8, 14]'}
113, 114#112#{'mutation_labels': '[7, 8]'}
125#139, 142#{'mutation_labels': '[10]'}
8#138#{'mutation_labels': '[10, 11]'}
126#128, 169, 170, 171, 172, 173, 174, 175, 176, 177, 120, 121, 122#{'mutation_labels': '[3, 5, 12]'}
139, 142#129, 130, 131, 132, 133, 134, 135, 136, 137, 140, 143, 144, 123, 127#{'mutation_labels': '[12]'}
139, 142#126#{'mutation_labels': '[5, 12]'}
116#23#{'mutation_labels': '[6, 8]'}
118#124#{'mutation_labels': '[1]'}
118#146, 147, 148, 149#{'mutation_labels': '[1, 2, 3]'}
5, 21, 119#118#{'mutation_labels': '[1, 2, 4]'}
5, 21, 119#117#{'mutation_labels': '[1, 2, 4]'}
5, 21, 119#9#{'mutation_labels': '[1, 2, 3, 4]'}
138#125#{'mutation_labels': '[9, 10]'}
146, 147, 148, 149#160, 161, 162, 163, 164, 165, 166, 167, 145, 151, 152, 154, 156, 157, 159#{'mutation_labels': '[1]'}
141#5, 21, 119#{'mutation_labels': '[0, 3]'}
141#128, 169, 170, 171, 172, 173, 174, 175, 176, 177, 120, 121, 122#{'mutation_labels': '[3, 5]'}
112#116#{'mutation_labels': '[8, 14]'}
117#124#{'mutation_labels': '[4]'}
9#146, 147, 148, 149#{'mutation_labels': '[4]'}
16#168, 153, 150, 158#{'mutation_labels': '[0, 1, 2, 4, 6, 7, 8, 9, 10, 11, 12, 13, 14, 15]'}
16#9#{'mutation_labels': '[0, 1, 2, 3, 4, 6, 7, 8, 9, 10, 11, 12, 13, 14, 15]'}
23#8#{'mutation_labels': '[13]'}
31#113, 114#{'mutation_labels': '[15]'}
