101, 103, 104, 105, 107, 108, 109, 110, 111, 112, 113, 114#32#{'mutation_labels': '[13, 15]'}
101, 103, 104, 105, 107, 108, 109, 110, 111, 112, 113, 114#15#{'mutation_labels': '[13, 15]'}
1, 2, 5, 6, 7, 8, 9, 10, 12, 14, 16, 17, 19, 20, 21, 22, 25, 26, 27, 28, 30, 34#96, 97, 98, 99, 88, 89, 92, 94#{'mutation_labels': '[4]'}
90, 91, 93#101, 103, 104, 105, 107, 108, 109, 110, 111, 112, 113, 114#{'mutation_labels': '[14]'}
96, 97, 98, 99, 88, 89, 92, 94#13, 38#{'mutation_labels': '[1, 3, 6]'}
96, 97, 98, 99, 88, 89, 92, 94#106, 102#{'mutation_labels': '[1, 3, 6]'}
96, 97, 98, 99, 88, 89, 92, 94#11#{'mutation_labels': '[1, 2, 3, 6, 9]'}
106, 102#33, 39#{'mutation_labels': '[1, 2, 6]'}
0, 4, 18, 23, 24, 29, 31#1, 2, 5, 6, 7, 8, 9, 10, 12, 14, 16, 17, 19, 20, 21, 22, 25, 26, 27, 28, 30, 34#{'mutation_labels': '[10]'}
58#64, 69, 54#{'mutation_labels': '[6]'}
75, 67, 84, 36#68, 72, 42, 74, 76, 77, 78, 79, 48, 80, 83, 85, 86, 87#{'mutation_labels': '[11]'}
33, 39#58#{'mutation_labels': '[6, 9]'}
81, 73, 82, 71#68, 72, 42, 74, 76, 77, 78, 79, 48, 80, 83, 85, 86, 87#{'mutation_labels': '[0]'}
66, 3, 100, 40, 56, 60, 61#75, 67, 84, 36#{'mutation_labels': '[0, 7, 11]'}
66, 3, 100, 40, 56, 60, 61#81, 73, 82, 71#{'mutation_labels': '[0, 7, 11]'}
66, 3, 100, 40, 56, 60, 61#35, 37, 41, 43, 44, 46, 47, 49, 50, 51, 52, 53, 55, 57, 59, 62, 63, 65, 70#{'mutation_labels': '[7]'}
15#0, 4, 18, 23, 24, 29, 31#{'mutation_labels': '[15]'}
64, 69, 54#66, 3, 100, 40, 56, 60, 61#{'mutation_labels': '[8]'}
13, 38#33, 39#{'mutation_labels': '[2, 3, 6]'}
32#0, 4, 18, 23, 24, 29, 31#{'mutation_labels': '[13]'}
95#90, 91, 93#{'mutation_labels': '[5]'}
11#64, 69, 54#{'mutation_labels': '[1, 2, 3, 9]'}
45#11#{'mutation_labels': '[1, 2, 3, 4, 5, 6, 9, 10, 12, 13, 14, 15]'}
45#58#{'mutation_labels': '[1, 2, 3, 4, 5, 6, 9, 10, 12, 13, 14, 15]'}
